network_architecture
6
64
32
9
weights
0.18284743 0.09488064 -0.06160108 0.16876651 -0.32692045 0.28455254
-0.49492082 -1.4865819 0.041452356 -0.010556882 0.03827706 -0.20697637
-0.31904188 -0.21372057 -0.02347825 0.14306717 -0.024477953 0.14172769
0.23038375 0.22369157 -0.17725293 0.21685128 0.05756334 0.17625701
0.3517212 -1.0465517 0.07556569 -0.090250164 0.0047308463 0.23814556
0.3206874 -0.34601226 -0.3692815 -0.06435676 0.007955835 0.12676567
-0.1808695 1.5741961 -0.10435101 -0.46699148 0.041855354 0.18815288
-0.022492733 1.6434468 -0.070216976 0.08014641 0.178561 0.3113579
0.12714244 0.62167907 0.010155829 0.046583742 0.054353923 -0.06608758
0.3100744 -1.0632111 -0.23739494 -0.11096022 -0.22853947 0.07420569
0.7142978 1.5017735 -0.11131038 0.088442944 -0.07793276 0.33688104
-0.41134402 -0.7513087 -0.006160671 -0.07121846 -0.043602165 -0.08685132
0.4235626 1.2048768 0.05990629 -0.104826875 0.0009264635 0.037590504
-0.020342793 -0.5836954 -0.23108958 -0.13697624 0.0861835 0.019707235
0.51194435 -0.835534 0.06382302 0.07426291 -0.113446936 0.052811343
0.13234216 -1.0608865 0.13608915 0.093283445 0.14273876 0.17160967
0.45050773 1.3444726 0.18144459 -0.026287947 0.07607535 0.25684997
0.3620416 2.2010937 0.008362279 -0.0022237203 0.009925727 -0.005709441
0.09110081 -1.2391732 -0.21715997 0.23615353 0.10499368 -0.2150674
0.019582395 -0.9173663 0.2482052 -0.20308729 0.2520448 0.44833118
0.266984 -0.22689117 0.19918582 0.14720055 0.29093283 0.4841958
-0.120652385 1.0736088 0.23969062 -0.16842507 0.16520053 -0.079688
-0.762543 -0.4151205 -0.12166887 0.021761969 -0.052521765 -0.29786786
0.5699058 -0.85958356 -0.29367602 0.02424713 -0.16698717 0.0456951
-0.09752821 0.18394883 -0.22429526 -0.046721216 -0.15202674 -0.2695795
0.037748825 0.034449615 -0.079271905 0.16612184 0.05803893 0.27097723
-0.21363023 -0.4487407 0.07881333 -0.40808162 0.18499443 -0.19444384
-0.36970973 -0.33791712 -0.2891164 -0.25618783 -0.088473156 -0.13591446
-0.1321938 0.20377009 -0.104057476 -0.16093053 0.1619182 -0.34982163
0.050201133 0.84209543 0.12868498 -0.03621366 -0.30590516 0.043299798
-0.11653065 -1.0138125 0.3156737 -0.014999382 -0.34573922 -0.25447875
0.28797957 -0.15014257 0.24020168 0.03688595 -0.52441764 0.14894883
0.35733312 2.1558323 0.08522819 -0.058528557 0.0011979553 0.29233724
-0.3994584 -1.1285125 -0.034929827 0.01651877 -0.024433473 -0.4111508
-0.1236576 1.017973 0.00692365 0.13956039 -0.3597263 0.23073606
0.16152106 -0.7748128 0.22461607 -0.08377738 -0.31039733 0.18087076
-0.07809391 -0.07156028 0.31547242 -0.38332087 0.119386725 0.19834287
-0.27612948 -0.32251078 -0.2029225 0.07351599 0.09939009 -0.0669269
-0.20716743 -0.09888714 0.205913 0.16354403 -0.14134048 -0.58850753
0.15194976 -0.83301437 0.29524356 -0.07655193 0.2597658 -0.07967222
-0.26451656 -0.62370837 -0.322535 0.14883527 0.050069515 -0.46268362
-0.054035615 -0.9211592 -0.010072355 -0.057119876 -0.5607963 -0.24006571
0.54370344 1.0711837 -0.08345761 0.06942338 -0.063159496 0.30764723
-0.46407402 -0.42141753 0.01632331 0.001959272 0.195732 -0.14770983
0.21223263 -0.13486417 -0.254385 -0.14149998 0.13792977 0.30807152
0.1841332 -1.217244 0.14193213 -0.15831225 0.09852402 0.14305633
-0.22193271 -1.3522346 -0.048831843 0.022778679 -0.026617514 -0.35423985
0.38258475 -0.6316452 -0.17433487 0.044047248 0.034092177 0.067902446
-0.11181528 -0.72398645 -0.007603994 -0.3370196 0.13815773 -0.27872226
-0.1368181 -0.173211 -0.041507203 0.070430055 -0.068881735 0.28157234
-0.2349964 -0.6853356 -0.2034686 -0.21553406 0.11192764 -0.15922023
0.49115145 1.1045313 -0.09796516 0.037911206 -0.076930426 0.37025878
-0.102928884 0.08930947 0.017491426 -0.1921934 -0.19682758 -0.28595576
-0.52263135 -0.78622764 0.13108136 0.11712734 -0.10844698 -0.30373314
-0.44334286 -0.8088071 0.08408014 -0.077508375 0.17323126 -0.22677599
0.30295578 -0.70272607 0.2858614 0.25834745 -0.68465763 -0.03771266
-0.01777434 -0.776398 0.13539587 -0.2132091 0.07652891 -0.30183926
0.0889254 -0.11006994 -0.19252954 0.20725076 0.16996448 0.48372933
-0.5983842 -1.4680398 -0.022534994 0.01256193 -0.018061772 -0.19302988
-7.370488e-05 -0.85851264 -0.2906183 0.16191775 -0.1026297 0.22534621
0.05211728 0.08904317 -0.044402782 -0.040555656 -0.0994568 -0.25350982
0.26029563 -0.49771374 0.15060394 -0.10728491 0.14494176 0.32880858
0.040470812 1.0125549 0.043256182 -0.21822856 0.023988847 0.37601745
0.4951127 -0.6296977 0.2266402 0.22402549 0.2666776 0.395809
-0.12152827 0.18965292 0.21742204 -0.09919485 -0.04575525 0.19232102 0.20124564 0.16108452 0.18830147 -0.13542521 -0.046965986 -0.10473617 0.12993452 0.058439612 -0.19311327 -0.035652637 -0.20386377 -0.2352792 0.22367443 -0.1318102 0.10689775 -0.055669636 -0.050624818 -0.002965104 0.1949819 -0.03873415 0.2026706 0.1417546 0.16763698 -0.22673509 -0.116898835 -0.20368108 -0.05309716 -0.051780492 0.05080095 0.22399268 0.107750036 -0.1782992 -0.15678585 0.18877637 0.020984655 0.0706262 -0.13433854 -0.035404738 0.06708486 -0.16908053 0.15873519 0.12035265 -0.15025531 -0.11771233 -0.06340504 0.046844155 -0.091704994 0.23915529 -0.2515735 -0.14129987 -0.15664743 0.063096836 0.035476744 -0.07607576 0.21336451 -0.22055891 0.08811253 -0.14228801
0.07178954 -1.8991817 -0.15777865 -0.15637948 0.45916307 0.22793795 -0.1594913 -0.43374935 -0.10116722 0.5856022 0.32667696 -0.35054606 0.23239033 0.16651015 0.41702035 0.38936037 0.18503949 -1.3938682 0.08545629 0.4335666 0.30358893 0.06945183 -0.23372789 0.22650295 0.14091453 0.04390832 -0.37812084 -0.12464414 -0.19545661 0.09651879 0.280166 0.05680287 -0.68601376 -1.6552938 -0.095125034 0.3648194 0.12554592 0.22124946 -0.36307824 0.5942683 -0.04258947 -0.81465656 -0.037264667 -0.12672493 0.27658588 0.30357274 -1.3583949 0.39607385 0.06329216 -0.08982196 0.04884165 0.04207198 -0.10667738 -0.71301746 -0.4542801 0.3922236 -0.2772134 0.36745867 -2.085646 0.20244026 -0.102416664 0.10650757 0.10155058 0.33467424
-0.19498822 -0.13828994 0.09976389 -0.054253627 0.033648446 0.11413563 -0.10178086 -0.15015411 0.067479245 -0.1188242 -0.1782947 -0.14082545 -0.116241276 0.2359349 0.015392374 0.08071001 0.0041946727 -0.18283316 0.15432104 -0.055228848 -0.09232112 0.1935395 -0.13590422 0.018381177 -0.21267089 0.10330334 0.08673021 -0.21845502 0.12760325 0.00077870407 -0.16008371 0.18632022 0.10567172 0.04185411 -0.119158894 -0.15963592 -0.14498034 0.07925539 0.041853853 -0.18428598 0.21354513 0.11967429 -0.10711311 0.109702975 -0.11941653 0.063546434 0.18781596 -0.23497204 -0.13621229 -0.04680052 0.023975618 -0.21839195 -0.16447541 -0.051253334 -0.049593113 0.024277247 0.014878864 0.024676455 -0.032810386 0.0001430328 -0.014429688 0.06568749 0.1606435 -0.15210345
0.03403677 -0.11511186 -0.047290273 0.24710935 0.3745426 0.2179459 -0.30940223 -0.1290757 -0.21500397 0.07925213 0.35741457 -0.14785174 -0.10488529 -0.05727726 0.24177605 0.23673543 0.09053339 -0.6796702 0.07210535 0.41051066 0.36942345 -0.3161353 0.52574956 0.45434457 -0.2018461 0.1995958 -0.27238232 0.011965718 -0.40249753 0.2066172 -0.16074869 0.3131331 -0.10640441 -0.17274456 0.10600787 0.3686254 -0.12989572 -0.15531293 0.33994055 0.18937771 -0.10317046 -0.16799651 0.09524956 0.010382386 0.311894 0.39579844 -0.20675439 -0.002765612 -0.18958397 0.3366076 -0.0710732 0.1822366 -0.20172873 -0.47907105 -0.10962746 0.11018816 0.23348472 0.14918071 -0.43789262 0.15797983 -0.009667516 0.25883707 0.12828076 0.35950157
-0.222357 -0.22748624 -0.05316522 -0.03617112 0.11859237 0.21308744 0.056175143 -0.1891324 -0.043522026 0.15533674 0.07302131 -0.19156753 -0.001873877 -0.2568119 -0.12075736 0.15827796 -0.12703466 0.13654971 -0.22132596 0.20331004 0.10162089 0.1518788 0.076375 0.01886043 -0.12312135 -0.15223336 -0.18893644 0.1971316 -0.09740301 -0.009607296 -0.25209624 0.051077403 -0.10273813 -0.1999571 0.017927516 -0.2502932 -0.041571017 -0.21670386 0.1420494 -0.21563016 0.028751127 0.1009495 -0.23346065 0.14832601 0.18399861 -0.17048085 0.005796804 0.070156306 0.1811556 0.17462981 -0.22109531 -0.20826018 -0.22105455 -0.12510225 -0.066613406 -0.10634225 0.1469496 -0.19543551 -0.21857281 -0.19570695 -0.14756429 0.22688301 0.022526208 -0.061082877
-0.073470086 -0.21261139 -0.0848203 0.11065521 0.1478284 0.18032 0.0010570136 -0.15746696 -0.16842681 0.2429634 -0.24650349 0.038186826 -0.023604125 0.2111114 0.14643982 -0.08437654 -0.2074399 0.032840014 -0.19593321 -0.047641728 0.04131506 0.10098366 -0.06761432 -0.16875839 -0.2129173 -0.2577103 0.010181293 -0.15215981 -0.011884336 -0.11843845 -0.16918227 0.16857317 0.14147946 0.15452985 0.23981401 -0.18088472 -0.15425658 -0.20941226 0.16786927 0.1260909 0.18163726 -0.17492884 -0.15396859 0.22254367 -0.21972308 -0.18771675 0.070795715 -0.23941217 -0.09196472 0.08594865 0.1836036 -0.02836746 -0.22123516 0.14152238 0.22798689 -0.18559456 -0.032316923 -0.20204088 -0.12765482 0.0841316 0.1167967 0.08210701 -0.25620344 -0.08191264
0.09703111 -0.3137168 -0.14759293 -0.14963661 0.19815718 -0.12758903 -0.17493196 0.29072008 0.023096524 0.07305208 -0.064409345 -0.17716528 -0.09004485 0.071484245 0.16188887 -0.040483825 0.012769359 -0.06511817 -0.30559763 -0.17779137 0.07618357 0.073963396 -0.009613492 0.054245375 0.0027597249 -0.14877898 0.06597892 -0.63988566 0.058942195 0.12026514 0.08379048 0.16845751 0.21849297 -0.0024290055 -0.1146532 -0.27776018 -0.080555305 0.084044956 -0.8264289 -0.15813224 -0.4987193 0.08614291 -0.07174283 -0.014603857 0.19976181 -0.007894494 0.109575585 0.060324766 0.039174024 -0.2529214 -0.08203839 -0.08138773 0.12130174 -0.084697865 -0.08933462 0.12269644 -0.11272499 0.09406 0.018195948 0.020505788 -0.085731566 0.17628638 -0.023185655 -0.01707483
-0.23628277 0.21587062 -0.050797727 0.170327 -0.17975993 -0.20915636 -0.040015817 -0.21570103 0.032388743 0.0033673644 -0.09167817 0.14174592 0.16196534 -0.233531 -0.21652888 0.13046761 -0.16824996 0.033458833 -0.082628526 0.0291039 -0.15401362 -0.011772814 -0.088502645 -0.11262059 -0.12291029 0.040027663 0.1459445 -0.006160885 -0.0024416149 0.19059938 0.18521495 -0.05203518 -0.22085926 0.04114739 0.059090167 -0.21436512 -0.23985906 0.011028981 0.2285332 -0.23985614 -0.13712755 -0.102861874 -0.22082841 -0.16969319 0.19623163 0.17588246 -0.19965908 0.0053593516 -0.22007616 0.08738745 -0.1845988 -0.12740397 -0.11587769 0.021142114 0.15167983 -0.12051628 0.029977795 0.18288803 -0.032612097 0.009190679 0.018563658 -0.019202366 0.15009251 0.11928064
-0.004149126 -0.08999393 0.16413718 0.02312488 0.47519195 0.20063761 0.058293737 -0.3777303 0.2196937 0.654901 -0.10679075 -0.38632882 0.017152261 -0.16706026 0.27642977 0.27102804 0.09840348 -1.0121244 0.069794856 0.18991236 -0.080144405 0.2496824 -0.22853987 0.29477215 0.03654164 -0.065270185 -0.08935182 -0.109245695 0.11630575 0.27431834 -0.27883765 -0.018367143 -0.66527736 -0.68219936 0.2840735 0.14364922 -0.16973832 -0.022204513 0.11119717 0.17169748 -0.16441342 -0.17995867 0.22533175 -0.20693715 0.122217305 0.44958225 -0.5524763 0.39316913 -0.23613232 -0.05330049 0.15639608 0.13400446 0.15428373 -0.45135632 0.15867001 0.3533682 -0.06883183 0.32246923 -0.90398675 0.12588464 0.07609469 0.30096745 -0.094993494 0.29516816
-0.25461555 -0.05165242 -0.059095353 -0.21134605 -0.17683314 0.10042157 -0.39993435 -0.20368049 -0.08907552 -0.099201635 -0.29852453 0.17750056 -0.7297265 0.12720081 0.11707488 0.26120052 -0.7430914 -0.25914702 -0.0614781 0.19192469 -0.24278444 -0.26209983 -0.7620564 0.2656383 0.16204682 0.14820673 0.20099138 -0.5669524 -0.064597316 0.12585975 -0.4557999 -0.20475604 -0.32806057 -0.035008114 0.022208154 -0.11525682 -0.18176565 0.028604442 -0.048113026 -0.20114417 0.27424943 -0.8963961 -0.04024512 0.28585866 0.106999 0.25264493 0.24136291 0.21969996 0.07581988 0.17332056 0.041785203 -0.32887197 0.11937633 -0.43454146 -0.026046371 -0.73135734 -0.13003111 0.15690833 -0.1338678 0.1412508 0.111295134 -0.23397787 -0.39238635 -0.087047674
-0.07007068 0.30274034 0.34862694 0.092293374 0.23837261 -0.13520215 -0.14600205 -0.34065464 -0.12694062 0.31345996 -0.63884705 -0.43733588 -0.7142476 0.23454565 0.32353517 0.12611344 -0.7833145 -0.4840066 0.33384207 -0.10991172 0.0146544175 -0.43362322 -0.36821216 -0.0081840595 0.18539986 -0.064781904 0.06348 -0.2943668 0.22234637 0.04490771 0.08307147 0.25738877 -1.1806164 0.34282526 -0.5042728 0.3112279 -0.050158687 -0.060107313 -0.1833886 0.32763988 -0.5936651 0.05680581 -0.83614296 -0.12641922 0.2432557 0.22633244 0.07082968 -0.025560105 0.25925022 -0.07068338 -0.3693248 -0.44443265 -0.20798308 0.085037 -0.21018726 -0.069437824 -0.47031254 -0.024705252 0.19038105 0.2726517 0.15282607 0.21998304 -0.747084 0.06326808
0.022077471 0.10754552 -0.2889462 0.30312383 -0.35832423 -0.22314432 0.5249782 0.25574842 0.034156546 -0.2351448 0.39203393 0.1444926 0.36142978 -0.10474296 -0.09344709 -0.1873135 0.25314146 1.163043 -0.25341776 -0.26385286 0.16781814 0.12247273 0.004003685 0.04364666 -0.09235376 0.18501028 -0.13589594 -0.20119639 0.2101784 0.25213805 -1.1563841 0.22834092 0.94427776 -0.105263695 0.37894478 -0.036733627 -0.07380179 0.08523978 -0.072542414 -0.5811112 -0.4416226 0.049757726 0.42429966 -0.23359635 0.046691746 -0.23990417 -0.25600004 0.02541556 -0.272837 -0.0072366055 -0.2984688 0.23039103 0.23122212 -0.085456856 -0.23556241 -0.21625336 -0.01875494 0.13145739 -0.050535385 -0.25622663 -0.04909402 -0.19112967 0.47088024 0.15646294
0.10644357 -0.3249585 0.09986333 0.24166122 0.23315401 0.2788219 0.22362989 -0.26013756 0.034613602 0.32599682 -0.113487415 -0.19250794 -0.104589604 -0.11682157 0.26498815 0.25822446 -0.027245613 -0.62968075 -0.04607827 0.25566936 0.00865884 0.17541124 -0.3733805 0.42348713 0.04214114 -0.12972713 0.026816644 -0.32542318 0.07996643 0.10791818 0.21050243 0.03727602 -0.7609416 -0.4063522 -0.081101514 0.08893071 -0.038815837 0.17127663 0.17395735 0.3192587 -0.12678741 -0.008507159 -0.030505305 -0.117043756 0.3500999 -0.0517228 -0.24191426 -0.07857413 0.10990111 0.100775264 0.027828405 -0.08863292 0.094258815 -0.2719264 -0.033562344 0.19118296 -0.41948217 -0.023288365 -0.4347381 0.1433238 0.003437966 0.32088533 0.050973434 0.12680732
0.22083375 -0.49843636 0.16544963 0.21644485 0.42612386 0.23843499 0.13045913 -0.2855135 -0.050172012 0.70656836 0.2688442 -0.3485111 0.079997264 -0.026186105 0.33641475 0.27154472 -0.0822884 -1.0392303 0.1977318 0.4200768 0.35100678 0.13074455 0.71322584 0.51443183 -0.23656124 0.19532734 0.012957287 0.50470704 0.039644193 0.010856378 0.17885391 -0.06851039 -0.6305822 -0.70287776 -0.13441297 0.3638993 -0.314156 -0.16371414 -0.06736513 0.4569946 -0.09739898 -0.10915486 0.12636647 0.30061406 -0.023296919 0.3426754 -0.5215636 0.10930101 0.06873649 -0.15509492 0.2458192 0.17506939 0.087598026 -0.53185797 -0.0381586 -0.10061936 -0.035059616 0.36432293 -0.79600656 0.18814224 0.15559676 0.0029511556 0.15716463 0.10944463
-0.17994274 -0.4542607 -0.119504645 -0.024046957 0.09764848 0.12110536 -0.22384778 -0.49447617 0.05951616 0.43714067 0.14896958 -0.04334861 0.057502635 0.08067793 0.06333695 0.32127115 -0.053380653 -1.379105 0.19404739 0.124343805 -0.1539976 -0.33485958 0.6363711 0.12927791 -0.11931652 -0.14322165 -0.30854645 -0.22624448 0.113206595 -0.19280308 0.08048416 -0.14279357 -0.8778878 -0.31048134 -0.17285213 0.26015493 -0.2193335 0.13663131 0.20075737 0.06030681 -0.032043755 0.036408886 0.15437172 -0.21902935 0.05107434 0.45336604 -0.25180084 -0.035852063 -0.10767803 0.020357134 0.023421368 -0.2507758 -0.15662304 -0.0020772477 0.05857197 0.2751348 -0.027516298 0.118867464 -0.6130293 0.3063363 0.23888785 0.20231646 -0.22453766 0.25369224
0.0505211 0.040178303 -0.29626748 -0.30409 -0.09623013 -0.15647282 -0.4062086 -0.2933467 -0.10575236 0.21993288 0.13075271 -0.08414062 -0.13829131 0.16738924 -0.122576 -0.1929766 -0.16326417 -0.38355666 -0.1244956 -0.05134755 -0.20138903 -0.00634209 -0.48145851 0.3658445 0.13453591 -0.08256283 -0.057080314 -0.3992601 0.0005498923 -0.1424701 -0.5880229 -0.17836297 -0.56728214 -0.17866059 -0.24297771 0.18862347 -0.20278698 -0.3247125 0.17337166 -0.45493546 -0.18819822 -0.27820915 -0.3004087 -0.41493535 0.17905058 0.2634984 0.13755625 0.22701317 -0.33742562 0.29634705 0.11035793 -0.37022042 -0.19158283 -0.4300246 -0.25630465 -0.31348538 -0.36192513 0.12880246 0.008822924 0.19951014 -0.24167874 0.14518699 -0.39673653 0.037430566
-0.018880097 0.025301537 0.028174512 -0.08223884 -0.08515693 0.2592171 -0.20028718 0.1664983 0.031197501 0.052963812 0.15457971 -0.24135673 -0.24955493 0.2415023 -0.16929652 0.16960582 -0.19791077 -0.8309576 0.11095439 -0.02014493 0.034926597 0.28770503 0.036490913 0.20018895 0.16215494 -0.072281234 0.15559202 0.11723049 -0.04248346 -0.17555305 -0.09345225 -0.35982892 -1.1343038 -1.0288365 -0.03987091 -0.13348001 0.14416365 0.17060369 0.009443522 -0.084776886 -0.15672481 -0.33588713 -0.17464362 0.2048276 -0.090513244 0.11206599 -0.32169694 0.13247454 -0.21312027 -0.09017774 -0.08763952 0.13218665 -0.023451 -0.098358974 0.44347072 -0.16931708 0.011733388 -0.09326413 -0.34072298 0.109092176 -0.050218344 0.009979573 -0.19227147 -0.040586974
0.22334321 -1.847938 -0.122023106 0.19883561 0.27017847 0.20806104 -0.09391979 -0.3530141 0.13919334 0.49186367 -0.05686968 -0.2627709 -0.070255324 -0.041124213 0.22175728 0.108413644 0.21721675 -1.1914552 0.08363322 0.2130465 0.35272297 0.2243788 -0.49876052 0.37665164 -0.0053017735 0.26556295 0.10545384 -0.54767 0.18006109 0.033986244 -0.07918797 0.22468895 -0.509719 -1.717204 -0.24483615 0.23083475 0.3105004 -0.04877122 0.008664265 0.22693409 -0.028006924 -0.9956326 0.11530057 0.17029257 0.37485918 0.56446886 -1.2033811 0.31783405 0.16428722 -0.11087549 0.07581721 -0.0028515141 0.1930542 -0.62123114 0.13417812 0.13187607 0.38286966 0.1689284 -2.3909845 0.32435513 0.14747408 0.058370087 -0.092579596 -0.033478435
-0.14164844 -0.044619624 0.003909431 -0.021774042 -0.0977074 0.13820271 -0.017640105 -0.18979721 -0.080816664 -0.16359948 -0.10532614 -0.24987066 0.025441535 -0.2303294 0.06843746 0.15360825 -0.22517002 -0.15485492 -0.21271329 0.037715293 0.027463218 -0.12996385 0.1510202 0.08717341 -0.22588462 -0.031520262 -0.11970627 -0.043347538 0.1392012 -0.043396253 -0.18732113 0.15761742 -0.26312637 -0.1018658 0.081387974 0.18107317 0.23125182 -0.07351456 0.06900376 -0.24295828 -0.06299558 -0.09102841 0.05352104 -0.17876244 0.03694319 0.09994565 0.18002622 -0.05919519 0.21823359 -0.25671735 -0.084684 0.07748599 0.06410661 0.1027232 -0.17592837 0.1366519 -0.24768858 -0.2014263 -0.032845136 -0.26839337 -0.23763222 -0.24297842 0.1822915 0.035624616
-0.07976782 -0.010274708 -0.21790466 -0.23611265 -0.17434478 -0.24185961 0.16447815 -0.08748275 -0.06748605 -0.2152864 0.04140526 -0.037508547 -0.17019692 0.16029015 0.21072742 -0.17819485 0.14164507 -0.04059422 -0.0023602545 0.10641214 -0.045579433 0.21241084 0.15381646 -0.16228297 -0.15214062 -0.2477 0.0800415 -0.1880467 -0.20954475 -0.16024178 -0.24716794 -0.20356077 0.22299123 0.13964635 0.2215065 -0.12127027 -0.10253787 -0.08771697 0.0048826337 -0.17944136 0.03665051 -0.1602247 0.039505035 0.22899938 0.042224765 0.18236104 -0.17805228 -0.035280943 -0.15436962 -0.027736723 -0.09944922 -0.14194709 -0.24148515 -0.09269822 0.0334796 -0.04398012 -0.23283628 0.1877946 0.18537173 -0.1507253 0.025413811 0.16600224 -0.23741207 -0.22090003
0.1898243 -0.43744326 0.094953075 -0.06738662 0.30209297 0.37168643 -0.12465474 -0.21507229 -0.22047018 0.3972368 0.2517437 -0.32606995 -0.049576722 0.24804012 0.10430555 0.062413793 0.039347894 -1.0686368 0.11300582 0.037719697 0.20513324 -0.06748108 0.15653874 0.25040722 0.13965863 -0.09980339 -0.2355248 -0.19494906 -0.11735768 -0.060627546 0.4188854 -0.096289426 -0.7792142 -0.6854556 -0.19636986 0.34841412 -0.11766686 -0.016521513 0.2820266 0.27334365 0.29526797 -0.08031674 0.30952805 -0.0035826045 0.3519519 0.4901645 -0.14723036 0.31164846 -0.18612725 -0.058794755 0.16837418 0.1628029 0.22560892 -0.25623697 -0.061640486 0.23238875 -0.11793037 0.3216649 -0.77495205 0.08617413 0.010802001 0.30255282 -0.17296527 0.055901665
0.16327544 0.035636965 0.15927263 -0.10171329 -0.17529029 -0.17672841 -0.15082054 -0.20081213 0.1068703 0.05255999 -0.17126203 0.21392459 0.07117477 0.08014755 -0.123613745 0.15577051 -0.19353135 0.16700047 -0.15353414 0.090142205 -0.10817709 0.14670622 -0.22346479 -0.062228814 -0.067479074 -0.16673751 -0.13902704 -0.077908345 0.014840185 0.1603067 -0.05894815 0.22776167 -0.13529076 -0.14757822 -0.029896557 -0.06275265 0.06395003 0.21649617 0.06870082 -0.22680393 -0.09533672 -0.06821998 -0.23896718 0.06075082 0.20514631 0.10853899 -0.021687113 -0.031359486 -0.13142821 -0.0465595 0.20595294 -0.12632965 0.039996415 -0.20065339 -0.08296719 -0.0032015718 -0.20578867 0.050263405 -0.23490967 -0.120839566 0.17397451 0.21708654 -0.031880446 -0.1963423
-0.11440166 -0.5145741 -0.035313725 0.2060761 0.029042428 0.41648138 -0.009532221 -0.44483066 0.18040083 0.57688004 -0.014011926 -0.35990837 -0.03147522 0.1167103 0.38491347 0.07204987 -0.14792447 -1.5736058 0.29724672 0.482597 0.26534492 0.15563075 0.3868915 0.16070493 0.13070476 0.16929919 -0.34131715 -0.032417346 0.024418162 -0.1660346 0.36714718 0.25205395 -0.66843826 -0.5663023 -0.20176241 0.0479447 0.09948543 -0.11819546 0.22808088 0.45564523 -0.0021537296 -0.4524876 0.108951524 0.059792954 0.13475423 0.15173073 -0.4283527 0.20225261 -0.22975808 0.19883928 0.11459005 0.021659937 -0.09261122 -0.24213754 0.085189834 0.24551906 -0.036750972 0.08786171 -0.6349774 0.4381995 0.07915443 -0.00079006894 0.11065865 0.0057194196
-0.0062922444 0.09938602 -0.00043814717 -0.097428545 -0.0067848405 0.26940578 -0.52868074 -0.71009654 -0.27604726 0.15231945 -0.6899608 0.11434538 -0.759483 0.16633356 0.050131757 0.37200782 -1.4771874 -0.43519983 0.30194643 0.2646929 0.015323923 -0.32322758 0.14024974 0.35250187 0.0031597018 0.039711438 0.14983603 -0.07921825 0.031744823 -0.05883813 0.3468683 -0.21415685 -0.46031433 0.1988116 -1.168173 0.24768649 -0.09712659 0.043377414 -0.18662782 0.43190303 0.23006156 -0.11286944 -0.75346035 0.11759802 0.24336845 0.14276159 0.3241591 0.28344876 0.0551772 -0.04857241 0.3146211 -0.7674487 0.17689696 -0.054981336 0.12819603 0.2715768 0.018428808 0.07291078 0.19827367 0.45727462 -0.124777645 0.034114692 -0.75774765 -0.08173801
0.097329386 -0.7627354 0.032437004 -0.03610386 0.5259226 0.26194188 0.28317913 -0.28090525 -0.051878367 0.78497267 -0.10591996 -0.18163478 0.53212 0.022669127 0.3191405 0.27027982 0.050665427 -1.2478979 0.08529487 0.38258255 0.12499746 -0.032104027 0.137762 0.4640276 0.12545997 -0.15478027 -0.14386798 -0.1480224 0.004475053 0.27011973 -0.10287983 0.30416882 -0.3803728 -0.8886505 0.071506076 0.4970445 0.23611657 0.08235408 0.1394114 0.30861783 -0.06603617 -0.055119634 0.074878864 0.100597695 -0.026242955 0.35268456 -0.4681989 0.25122696 0.22313155 0.24108756 -0.06181635 0.23798035 -0.24948451 -0.5080543 0.027861523 0.15281 0.09887248 0.10010629 -0.7180631 0.46850795 0.0365718 0.29871765 0.3325125 0.10185411
0.28812847 -1.5538782 0.18546644 -0.02539843 0.21317047 0.33856955 0.19451576 0.0068289796 -0.26790994 0.2031881 0.2580851 -1.1448617 0.47942272 0.268737 0.3589636 0.045567356 0.06996476 -1.3658248 -0.05125493 0.14676969 -0.058660597 0.13721284 0.06572208 0.16852506 -0.03931734 0.27508524 0.15902078 -0.29018164 0.12937556 -0.1426323 -0.3471258 0.2920855 -0.6632466 -1.2228117 -0.27222642 0.23719151 0.05399261 -0.057828087 0.038062945 0.13749877 -0.21285903 -0.66334426 0.25899798 0.21116886 0.31395128 0.33910516 -0.74469465 0.100510314 -0.08923821 0.02135988 -0.026620736 0.16838333 0.09182027 -0.2254257 -0.022163294 0.29980397 -0.24219958 0.30338755 -1.7739455 -0.023345329 0.15278998 0.23870938 0.34133932 0.19326967
-0.06144091 0.24672045 -0.10999167 -0.086228274 0.34248272 0.56848526 -1.0760102 -0.70007294 -0.38946486 0.7229401 -1.4356799 -0.076417714 -1.4594951 0.4448484 0.15091458 0.25781775 -1.5031617 -0.43580598 0.43915504 0.13121897 -0.033147596 -0.09889814 -0.7527854 0.16863291 0.20313513 0.001191881 0.29677737 -0.11525869 0.16674525 -0.4758205 0.52746207 0.051685322 -1.081888 1.0140502 -1.444857 0.14868037 -0.12998128 0.3868002 0.2680705 0.39510986 0.36198953 0.35441446 -1.2390418 -0.07094002 0.15321252 0.41619384 0.42537314 0.22322261 0.28810474 -0.0010732884 0.47006544 -1.0143559 -0.04464087 0.426952 0.4257583 0.25471526 -0.07188648 -0.053565744 0.72746706 0.090363845 0.19197103 -0.17827156 -0.79200387 0.12643029
0.3483271 -0.67683935 -0.12004165 -0.036204565 0.5185189 0.4467427 0.006413641 -0.036080133 0.010724719 0.8014174 0.087608926 -0.049243648 0.031365972 0.17984907 0.34694672 0.17957152 0.32216027 -1.2895538 0.17574054 0.56530064 0.29161382 -0.17828535 0.018086612 0.42877442 -0.0018947124 0.08863802 0.07586906 0.07906125 -0.14819714 -0.07914612 0.42675874 0.11620924 -0.8354685 -0.8456508 0.17364289 0.48472413 -0.09003554 -0.22838508 0.3067456 0.49057403 0.1250964 -0.39112228 0.24428873 -0.2883817 0.30641672 0.13404067 -0.5548577 -0.015511801 0.20427991 0.3687513 -0.15378433 0.43003824 -0.15195659 -0.46587607 0.07854709 0.25358298 0.04987111 0.18984918 -0.6476799 0.043153673 0.11534768 0.15501644 0.0995394 0.34051335
-0.053237375 -0.33983144 0.13187245 0.19108601 0.24428527 0.31309804 0.23011062 -0.36301085 -0.26060718 0.6296803 -0.08653318 -0.057476223 0.28360683 -0.021075437 0.40709648 0.37455082 -0.041557446 -0.9237525 0.18121533 0.45293495 0.2985324 -0.33055845 0.059549745 0.38375485 0.19112599 0.13335726 0.062071208 -0.15498662 -0.13025032 -0.16041636 0.531226 0.2741206 -0.697646 -0.65270156 0.087301664 0.024059823 0.16605349 -0.269905 0.09210025 0.20822993 0.26827887 -0.1423644 0.23974103 0.011755955 0.35504213 0.40293702 -0.14885013 0.3863777 -0.18264593 0.05712863 0.05678728 0.30771676 -0.092002004 -0.21472906 -0.316831 0.042326637 -0.017983304 0.07707082 -0.6377549 0.11931629 0.065026075 -0.051582225 0.33512092 0.107007615
0.11706451 -0.5183318 0.12814197 0.22858927 0.31236124 0.19849358 -0.37383845 -0.32178658 0.09318982 0.5219346 0.016883831 0.104199275 0.057956666 0.2154277 0.19062188 0.31607297 -0.2509415 -1.6668736 0.23523541 0.3107757 0.0145406 -0.07081893 0.34941316 0.3977774 -0.16517574 0.21655253 -0.35439488 0.110078596 0.11507302 -0.03521432 0.52483326 0.043667633 -1.132379 -0.37449476 -0.068179175 0.26317945 0.095624916 -0.076297745 0.08470188 0.47808444 0.240294 -0.13308081 0.07551526 -0.13156973 0.2045888 0.36805594 -0.12408042 0.3762477 -0.011188329 0.2376198 0.14070468 0.109435044 0.20525026 -0.38490745 0.0010886801 0.18677916 -0.23878229 -0.09143252 -0.6338134 0.488947 -0.16484639 0.28119096 0.08723828 0.012898511
0.281683 -1.4662735 -0.2095934 0.13660096 -0.025629282 0.48366237 0.25048348 0.06775278 0.19082536 0.43942595 0.4328533 -0.58364344 0.03536921 0.25806603 0.25551188 0.03516005 0.05092404 -0.5384877 0.08193631 0.37636393 0.17904073 0.5045 -0.2774835 0.34463271 0.059654593 0.13526279 0.33564883 -0.6821857 -0.068175934 0.24116287 -0.06489888 0.10812508 -0.48734647 -1.9258946 0.056797616 0.30213 0.24806763 -0.18067221 -0.11957794 0.39997205 -0.054533847 -0.5851997 0.4442843 -0.053953353 -0.0064178985 0.2534073 -0.89181745 0.40169716 0.06250751 0.24420433 -0.19713216 0.33310533 0.05883944 -0.40853015 -0.098318346 0.059995305 0.11558127 0.020557558 -2.2790446 0.19997665 0.099336445 0.15798377 0.079422675 0.13436873
0.16710575 -0.49887505 0.06993297 0.14541516 0.27659938 0.018151533 0.0356016 -0.1952882 0.2298069 0.31998217 0.12095257 0.041735202 -0.26109606 -0.10372757 -0.0043515204 -0.16978434 0.072525345 -0.22225541 -0.041149538 0.34772852 -0.16286664 -0.27388522 0.69517636 0.37447 -0.096978664 -0.18635827 -0.11435043 0.05006176 -0.004267717 0.33999577 -0.08522604 -0.07122388 0.044938248 -0.19093868 0.0371979 0.31276843 -0.12327231 -0.31099787 0.20319015 -0.07355137 0.0031042637 -0.21539259 0.16179118 0.1718709 0.23634705 -0.050960846 -0.24629721 0.30187863 -0.12528832 -0.0708616 0.011026293 -0.16291508 -0.18478149 -0.02995892 -0.12360948 0.07522988 0.04339618 0.19045109 -0.124645665 0.2179271 0.100903034 0.25750202 0.12594129 0.019017672
0.034458205 0.50210357 -0.26839244 0.55224353 -0.24710704 -0.23915589 -0.03807358 -0.28105065 0.45235398 -0.27408907 -0.6961356 -0.50219876 0.103415385 0.35274142 0.6178819 0.24274048 0.055435207 0.5711911 -0.23520762 -0.078182586 0.020499181 0.2819608 0.5486953 -0.5540056 0.6105305 0.52023923 -0.4916803 0.041237585 0.2654918 0.7647099 0.53218544 0.013604037
0.23567097 0.5242068 0.08151522 0.5988473 0.056330737 -0.30397624 0.12800348 0.20059524 0.5735494 -0.2809723 -0.5617873 -0.6919208 0.2128196 0.26473117 0.41368908 0.0058691795 0.22671723 0.47441268 0.2886707 -0.0020557852 0.4210412 0.080480665 0.49462685 -0.380845 0.4171706 0.5098169 -0.5532748 0.15119085 0.060014173 0.49222633 0.6392279 0.38022074
-0.3914437 0.66388327 0.22164923 -0.041495804 0.23412082 0.015438453 -0.09207901 0.050568465 0.10725553 -0.16738202 -0.68237156 -0.30557245 0.2097391 0.46368933 0.29010278 -0.010287352 0.37949502 0.6784925 -0.016932128 -0.32352135 0.2153805 -0.28168333 0.5790942 -0.40159386 0.63698095 0.57659394 -0.67377347 0.52361345 0.56793773 0.6865544 0.026369266 -0.089036964
0.18254796 0.88214004 0.20126249 0.1854821 -0.28472278 -0.31951785 -0.10945005 -0.009593916 0.3077355 -0.0069755046 -0.63264877 -0.25569224 0.57034445 -0.11484386 0.4732292 0.08263266 0.31246895 0.68908423 0.0664687 0.25883716 0.53491426 0.2857201 0.48431394 -0.6501406 0.3068448 0.2922313 -0.38669282 0.50417733 0.6049974 0.5205478 0.120616905 0.13837416
0.040913288 0.6900768 0.1447179 0.26461178 0.014215824 0.28481668 0.27729392 -0.024669003 0.046883345 -0.07503868 -0.24367307 -0.36117476 0.16865385 0.46744862 0.49990764 -0.04235152 0.46429 0.612231 -0.045203935 -0.27477866 0.16071412 -0.10834205 0.62459147 -0.43863764 0.44914135 0.30364206 -0.73694426 0.41964564 0.23441885 0.8070195 0.21976168 0.20083289
-0.3560076 0.7176773 0.018846827 0.46892732 -0.2211303 0.07489958 -0.07176451 -0.28400198 0.22373526 -0.2343841 -0.45395306 -0.5408899 0.23940222 0.41685924 0.7808378 0.07196006 0.37081763 0.54184085 -0.30277258 0.265924 0.6649198 -0.33698595 0.33496878 -0.46413407 0.21096382 0.28430662 -0.7214461 0.45617855 0.2967108 0.49553195 0.07580048 0.42822546
0.3948226 0.7439381 -0.16344874 0.46286467 0.24271904 -0.054894023 0.23495235 -0.270135 0.2347221 -0.16687226 -0.3851187 -0.42394254 0.1166633 0.13120672 0.9547949 0.32447675 0.19937438 0.16992258 0.007331857 -0.1243843 0.12272735 -0.36095613 0.77338636 -0.05277697 0.38864702 0.15156245 -0.9904689 0.2771809 0.4559025 0.64800674 0.67374986 0.25201637
-0.01898181 0.9187801 0.22216126 -0.044940397 0.12642764 -0.34769323 0.06653276 -0.10955868 0.610826 -0.3287169 -0.20319438 -1.2456309 0.41209084 0.33651847 0.28193977 0.19601126 0.24753931 0.5533362 -0.3353379 -0.099139646 0.59836715 0.07622741 0.4564057 -0.1143606 0.18867573 0.10580742 -0.7108128 0.54323536 0.19690871 0.39292917 0.54673934 0.13443191
0.32048494 0.9204325 0.0067703924 -0.07600336 0.14232852 0.32441863 0.10328845 0.17497365 0.045593012 -0.8409631 -0.18927877 -0.44413358 0.541935 0.3407812 0.44531927 -0.13886553 0.2526214 0.13772422 -0.11580517 0.071068965 0.4633637 0.32789648 0.7847555 -0.55248237 0.5520139 0.54765874 -0.5615026 0.25387067 0.5501902 0.43584907 0.4311465 0.11372053
biases
0.114697695 0.18757072 -0.08666429 0.03772351 0.32606027 0.25702608 -0.102348246 -0.18033566 -0.13560455 0.40947202 0.100573994 0.005741623 0.10619182 -0.004122517 0.3410214 0.263378 0.0017318751 -0.16717847 0.11452284 0.31251875 0.26280436 -0.058495082 -0.07294968 0.40708277 0.01 0.057829674 -0.078764535 -0.01999496 -0.10596193 -0.14143243 0.21437733 0.10734724 -0.24197367 0.23508039 -0.1245071 0.30919603 -0.10337802 -0.18788601 -0.07695789 0.28221256 -0.011049617 0.11554548 0.08250002 -0.036567766 0.2088628 0.32402027 0.1495995 0.25197622 -0.13255739 0.11260945 0.03894196 0.10309899 0.01 0.01058683 0.04223029 0.20955482 0.048722308 0.25649253 0.22142616 0.20428266 0.01 0.16165157 0.047518127 0.27151626
0.0056280913 0.32460773 -0.014008759 0.21354757 -0.008311236 -0.011352433 0.0389516 -0.00589247 0.24779741 0.031591702 0.059579898 -0.06925574 0.16149487 0.27258506 0.16538644 0.047258787 0.020993184 0.23577254 -0.008179091 0.01 0.23175316 -0.0073527675 0.20418055 0.08351613 0.27139887 0.168344 0.06578526 0.2919021 0.22586158 0.28705984 0.21740232 0.13612425
0.20502844 0.16507533 0.09235019 0.13313566 0.20884289 0.15071145 0.23414303 0.24713075 0.11128008
