network_architecture
6
64
32
9
weights
0.1277705 0.5113674 -0.08107179 0.17517205 -0.12255856 0.18062568
-0.52417016 -3.1507132 -0.0703554 0.016401473 -0.0071674353 -0.026080642
-1.2543197 -0.2644102 -0.21884386 0.23629847 -0.6071559 -0.122708164
-0.29314348 2.8024898 -0.08923392 0.07424149 -0.043326255 -0.40937838
0.2445368 -0.049069397 0.08775201 -0.13147503 -0.11779916 0.087088995
-0.040464442 0.50007784 -0.44027713 -0.19123334 -0.19756094 -0.2538623
-0.35691944 0.2810014 0.059629887 -0.2080278 0.05039274 0.047352612
-0.136836 0.8977217 0.038446065 0.07645874 0.20446509 0.20671621
-0.028362073 0.2715249 -0.010858365 0.05720761 0.035333544 -0.21416977
0.26100346 -0.05343472 -0.20738296 -0.003755823 -0.18580413 -0.03489092
0.3970682 0.27150565 -0.24615258 0.021107236 0.05149205 -0.0018932859
-0.24545273 -3.0983346 -0.008429684 -0.0052133375 0.0055081593 0.084169924
0.08868894 3.6131477 0.064781815 -0.035874438 0.0041891485 -0.28653747
-1.8174782 -0.89728206 -0.094145946 0.09355708 -0.00968728 -0.6778598
0.26215568 0.24525195 0.4025496 -0.0043531866 -0.24477546 -0.24736218
-0.8526981 -0.54418546 -0.109946765 -0.10490775 0.43971506 -0.109291814
0.0985514 0.43125474 0.1922725 -0.1646608 -0.07254671 -0.13989231
-0.03655636 3.140619 0.16840306 -0.01764854 -0.63871616 -0.40055165
0.13579306 0.50196207 -0.2841569 0.14500457 -0.09366164 -0.1730572
-0.14464879 -0.24571392 0.26885304 -0.15651487 0.16989307 0.21970768
0.031189624 0.5174222 0.18871503 0.02150977 0.18210354 0.19557637
-0.043323833 -2.3013527 0.02614132 0.01321994 0.11000193 0.018154975
-0.2894001 1.273027 -0.3425047 -0.38481867 -0.20692436 0.04466645
0.42347628 -0.23405527 -0.2535499 0.0074024005 -0.24417657 -0.16569355
-0.10889209 0.14382727 -0.21949573 -0.046721216 -0.15581125 -0.2808803
-0.13265295 0.15664375 -0.03898805 0.09614614 0.013697006 0.096589245
0.017654633 0.04697946 0.06876904 -0.4071247 0.056851424 0.028764196
-0.4446711 -0.14045267 -0.21586542 -0.22694014 -0.059706148 -0.27501142
-0.09565182 0.5291184 -0.1395967 -0.16093053 0.008459629 -0.34180346
-0.11655583 1.3672057 0.25013825 -0.04288286 -0.60835916 -0.15424938
-0.16566841 -0.41493356 0.19300382 -0.053794593 0.092315726 -0.30899867
-0.058362488 0.7321046 0.14335951 -0.13414203 -0.60277355 -0.21426569
0.10948674 1.9388393 0.06003837 -0.1151833 -0.035808653 0.103458434
-0.23270549 0.19319224 -0.07645113 0.0934603 -0.011958935 -0.23047085
-0.32350782 0.81813675 -0.005808768 0.10673046 -0.14770329 0.064685024
-0.22868997 -1.3814567 -0.14586605 0.043820057 -0.006028021 -0.40204504
-0.49560457 1.8885286 0.11879675 -0.09474006 0.02540647 -0.2511813
-0.087680444 0.86480486 -0.03906922 0.046730895 0.09309752 0.18303072
-0.03625282 0.26681587 0.50197434 -0.05957441 0.13750282 -0.40168986
0.046570763 -0.256692 0.18353878 -0.04452043 0.21097995 -0.16470625
-1.0704821 -1.403146 -0.07892008 0.0117108375 -0.07092415 -0.72508746
0.09970841 0.109773986 0.42283812 -0.10692727 -0.4542125 -0.100516975
0.34023437 0.29743955 -0.10310282 0.0905465 0.044294655 0.046835274
-0.29843563 -0.3483627 -0.055297416 0.12033967 0.16248544 -0.11805776
0.08593821 0.49742472 -0.029656783 -0.08613099 -0.049619686 0.12894256
-0.05268522 -0.1250133 0.11004446 -0.21761078 0.025541555 -0.086673915
-0.0012379165 -0.75132227 -0.07627678 0.122044034 0.15934187 -0.17702675
-0.14382412 -1.0025023 -0.22038803 0.040636733 -0.14810936 -0.4379864
0.28877008 -1.1147499 -0.017524661 -0.24788801 0.062311165 -0.0074235327
-0.9894847 -0.6119933 -0.26930395 -0.06652153 -0.28181037 -0.3050172
-1.5707209 -0.9002833 0.33293816 0.053534597 0.08956179 -0.38784865
0.20361051 1.2425243 -0.20909856 -0.03699692 -0.17688933 0.07818601
-0.102928884 0.08930947 0.017491426 -0.1921934 -0.19682758 -0.28595576
-0.284627 0.47454476 -0.04176641 0.19685388 -0.2574369 -0.07910835
-1.0478328 -0.12750015 0.46506405 -0.04988003 0.124240145 -0.3129286
0.24879292 0.09301129 0.12281613 0.21617486 -0.06185944 -0.11996092
0.21295197 0.20753461 0.19335845 -0.2723483 0.11106869 -0.18579894
-0.19152145 0.7149157 -0.18922417 0.05884646 -0.025690477 0.123491496
-0.4625224 -1.9014509 -0.061586242 0.013378188 0.0045224642 -0.1316154
-0.1650246 -0.0016182694 -0.29542503 0.14628592 -0.15792294 0.10459027
0.05211728 0.08904317 -0.044402782 -0.040555656 -0.0994568 -0.25350982
0.07868691 0.035109654 0.1800637 -0.1455709 0.018675214 0.13657655
-0.38964304 1.980304 -0.081218585 -0.4397551 0.015755977 -0.058005534
0.2619521 0.046156704 0.2263359 0.13030669 0.18453667 0.10318369
-0.08861842 -1.4022754 -0.1045271 -0.056830596 -0.0070432033 0.3212718 0.18731868 0.13290939 0.010517975 -0.088546745 -0.02454686 -2.1128218 0.36932582 -0.00093955884 -0.24663334 -0.42292753 -0.22785881 -0.50718904 0.28298348 -0.18236461 0.017528754 -1.1077869 0.03636526 0.0944774 0.1949819 -0.0641848 0.2544136 0.37651327 0.10111993 -0.30019233 -0.23378645 -0.28066924 0.012910487 -0.070579395 -0.12245177 -0.8147544 0.0664767 -0.1320634 -0.15041403 -0.0847205 -0.15061538 0.08636371 -0.12296295 -0.17047006 0.07054823 -0.19025813 0.062025726 0.03375729 -0.20412065 -0.0989613 -0.04839368 0.14674753 -0.091704994 0.58671564 -0.2468559 -0.3034534 -0.16968438 0.032833654 -1.5584282 -0.07327289 0.21336451 -0.26471955 0.09801043 -0.24210352
0.057781585 -0.93854964 -0.38008064 -0.81493425 0.33914125 -0.14778998 0.069430694 -0.17286009 -0.038158506 0.42809832 0.3816797 -1.1241457 -0.44490314 0.6173272 0.17475879 0.065978505 0.12650713 -0.68209636 -0.0026745205 0.27770647 0.19762398 -0.10568953 0.43550315 0.2531181 0.12351904 0.012378693 -0.2214534 -0.16252685 -0.2412416 -0.04118012 0.37478358 -0.14231619 -0.28575557 -0.017004713 -0.1335066 -0.038711138 -0.42600068 0.19700144 -0.20824723 0.6206104 0.58933115 -0.027762095 0.020118745 0.29122132 0.09497813 0.25730705 0.35785127 0.28076154 0.12903847 0.20864052 0.44634572 0.043145146 -0.10667738 -0.124189205 -0.25648093 0.33929962 -0.19744356 0.22938645 -0.59596264 0.09675222 -0.102416664 -0.050350204 -0.78435624 0.24817756
-0.19394253 -0.13288228 0.10099339 -0.05494462 0.038083646 0.1152459 -0.099703275 -0.15600973 0.06779991 -0.10949248 -0.18211971 -0.1440262 -0.116241276 0.23517618 0.01654991 0.08255093 0.026758663 -0.16428798 0.15533203 -0.051010717 -0.090348415 0.1984983 -0.12848172 0.027493311 -0.21267089 0.103554346 0.089760825 -0.22131267 0.12557127 0.0010442947 -0.15742229 0.18690997 0.112867415 0.05609331 -0.11903634 -0.1568956 -0.14596577 0.07673282 0.042033955 -0.16029264 0.20699634 0.13180496 -0.110285856 0.108204916 -0.11981149 0.067802 0.18735199 -0.23742995 -0.13738449 -0.043454085 0.022781571 -0.20412992 -0.16447541 -0.051120646 -0.045441 0.024861565 0.01865997 0.02561725 -0.014392869 0.0011552033 -0.014429688 0.06799832 0.16126162 -0.1508014
-0.058238477 0.2605347 0.9478769 -0.18544325 0.23736905 0.2954874 -0.11228356 -0.098132744 -0.15778738 0.011630745 0.24084088 -0.81461865 0.3934198 -0.48175758 0.118236884 0.26481423 -0.0034728467 1.3598417 -0.11584716 0.32750675 0.1922843 0.08389076 0.026823692 0.4631708 -0.223031 0.17802693 -0.07460798 0.6326367 -0.33627322 0.07452008 0.045944385 0.2449526 -0.045324586 0.21684201 0.034631126 -0.29062784 -0.69185394 -0.29448682 0.082169615 0.21442944 0.124378785 -0.022234257 0.0343807 0.099403106 0.19757739 0.18127033 0.18994199 -0.2478058 -0.20707712 -0.26870716 -0.6800589 0.08382811 -0.20172873 0.0073883953 0.1505212 0.021832095 -0.008912703 -0.011029266 0.40160573 0.036258787 -0.009667516 0.044939354 0.5583573 0.18685712
-0.21782777 -0.23109207 -0.054447085 -0.03780558 0.11667311 0.21757695 0.045553554 -0.20384601 -0.047608618 0.13767281 0.07240485 -0.19484603 0.014591992 -0.26339564 -0.11371415 0.15497327 -0.1215365 0.14023164 -0.22329456 0.19887796 0.09700096 0.13651238 0.05081363 -0.0019270879 -0.12312135 -0.15749289 -0.19506133 0.19738422 -0.105357654 -0.00763105 -0.24956742 0.0525943 -0.10099304 -0.21951729 0.018479668 -0.24837628 -0.04642067 -0.22869143 0.14411882 -0.22260852 0.032447595 0.10801846 -0.2116115 0.13924733 0.17682186 -0.17502798 -0.0006304138 0.06431497 0.18121253 0.17608581 -0.23329249 -0.2225236 -0.22105455 -0.12385021 -0.07594364 -0.104101054 0.14124884 -0.2005028 -0.21228096 -0.2094442 -0.14756429 0.22266895 0.00911199 -0.065529086
-0.10155131 -0.20563512 -0.11787244 0.12614132 0.14483996 0.18032 0.01343799 -0.1407324 -0.17653869 0.2295192 -0.23431581 0.0458667 -0.023604125 0.23314627 0.10702122 -0.117583856 -0.24767548 0.041606244 -0.17879051 -0.056153197 0.015682062 0.10635412 -0.06761432 -0.18011007 -0.2129173 -0.24048774 0.027898597 -0.12167038 -0.0015625673 -0.11843845 -0.18403092 0.20646198 0.14147946 0.17553505 0.23981401 -0.13026167 -0.1163901 -0.19246987 0.12378655 0.12012403 0.18191966 -0.21259469 -0.15158091 0.22310954 -0.22051935 -0.18917373 0.073682204 -0.21006957 -0.084808215 0.10471503 0.18255934 -0.02836746 -0.22123516 0.14152238 0.18972111 -0.2057291 -0.04156836 -0.19438812 -0.13736221 0.0773685 0.1167967 0.07297496 -0.23984694 -0.092304446
-0.010395502 -0.21523653 -0.4914164 -0.26138926 0.14038165 0.08912341 -0.22412354 0.22910829 -0.29826155 0.12740031 -0.14426617 -0.22283047 -0.6285153 0.13354342 -0.06489658 -0.08853852 -0.17656466 -0.44352308 -0.042372715 -0.25862676 -0.06895668 0.52173746 0.5329647 0.0908711 0.044411328 0.008689495 0.087727994 0.041371588 -0.00732787 -0.2666093 0.20760685 -0.030598892 0.19783197 -0.078595385 -0.37579218 -0.3494611 -0.11672987 0.34429353 -0.40499315 -0.16871868 -0.23314919 -0.052345306 -0.14329179 0.09739974 0.08528019 -0.00074920134 0.110362664 0.21006413 -0.09250818 0.3405225 -0.0706637 -0.08407858 0.12130174 -0.3359876 -0.51111454 -0.002681196 0.027602188 -0.004960865 -0.99779665 0.042009097 -0.085731566 0.06574133 0.44937548 -0.15517743
-0.23722029 0.1825888 -0.051794257 0.16980423 -0.21338081 -0.20915636 -0.048752382 -0.21582673 -9.365083e-05 -0.028344207 -0.12339757 0.10891607 0.16196534 -0.26321796 -0.21819478 0.0976827 -0.20293328 0.03144932 -0.083197504 -0.0038457317 -0.18673587 -0.04201239 -0.10831978 -0.1443271 -0.12291029 0.03935737 0.14467607 -0.006160885 -0.0024416149 0.18956035 0.15132849 -0.053312942 -0.224122 0.04136379 0.058367293 -0.21695234 -0.24072155 0.011071364 0.19565299 -0.27303186 -0.17087828 -0.10536071 -0.2525569 -0.20199296 0.15446964 0.14285143 -0.23179336 -0.0263228 -0.2477077 0.08642413 -0.18499061 -0.12740397 -0.11587769 0.02038043 0.120968245 -0.15331498 -0.0027210535 0.15083334 -0.06444501 0.008574412 0.018563658 -0.052191142 0.14073603 0.08648118
-0.106262974 -0.042055245 0.00022565904 -0.9609354 0.3373327 -0.030775873 0.12249131 -0.34254515 0.072175644 0.5122817 -0.1352426 -0.95337665 -0.35640272 -0.23135395 0.07120237 -0.5115358 -0.02016627 -0.032255206 0.053601164 0.023919113 -0.25222278 0.2266569 -0.14197952 0.29863182 0.036574353 -0.07733286 0.02207256 0.1082819 0.0144015625 0.21678428 -0.10674839 -0.1479439 -0.32303914 -0.14310652 0.2901127 -0.8772378 -1.157868 -0.051716533 0.04651481 0.019828334 -0.19629775 0.071111456 0.22119245 0.19592206 0.003946532 0.11148942 -0.039980423 0.25817323 -0.16202539 0.23826276 0.03518068 0.03317868 0.15428373 -0.010372102 -0.7494609 0.24696264 0.022769954 0.12519836 -0.21740822 -0.069464326 0.07609469 0.067464195 -0.6804848 0.13370985
-0.2709046 0.10710729 -1.3911855 -0.8764839 -0.33165225 -0.06843944 0.07664568 -0.053563323 0.19933856 -0.07694431 -0.19321443 0.5007159 -2.6083844 -0.03169158 -1.916093 -0.71129805 -0.43129548 -0.08060965 -0.38966274 0.20663483 -0.20063202 -0.27424034 -1.3512006 0.21798508 0.16204682 -0.0029497186 0.1610729 -0.3091238 -0.16639757 -0.61161417 -0.4518748 -0.6913592 -2.0415592 -0.201959 0.022208154 -1.5432993 0.04070272 -0.29003763 -0.39151672 -0.018027773 -0.34128907 -2.2198253 0.075484514 0.40123427 0.06844957 0.2968668 0.3159209 0.1633053 -0.057204552 -1.1473262 -0.6163304 -0.6123636 0.11937633 0.06559622 -0.09802275 -0.29034615 0.15759152 0.15236856 0.14764036 0.08368098 0.111295134 -0.29656062 -1.4685205 -0.1245789
-0.14488167 0.13503398 0.23098162 0.026174488 0.13507535 -0.18547049 0.038043324 -0.033690467 -0.17052148 0.06746167 0.07958138 -0.026991306 0.10616091 0.1163186 0.20618913 -0.0031027019 -0.015841726 -0.023912769 0.01911788 -0.1803734 -0.048920445 -0.21736751 -0.19445848 -0.20058578 0.18539986 -0.15923797 -0.039338656 0.041982718 0.22080415 0.09627167 -0.19894502 0.22645007 -0.25988525 0.020337692 0.2139686 0.1955363 -0.075006396 -0.17722106 0.09217005 0.17113903 -0.12836981 -0.06247262 -0.13998313 0.07998446 0.047662154 0.106441826 -0.100898094 -0.22497015 -0.11493868 -0.21357828 -0.07180798 0.09085515 -0.20798308 -0.026766026 -0.2593537 -0.19468495 -0.19445738 -0.10031881 -0.14323881 0.022856709 0.15282607 0.16944604 0.07276826 -0.019655095
-0.01279554 -5.175329 -0.47450492 0.9231464 -0.32661885 0.09345458 0.028019935 0.11712821 0.24259023 0.048641246 0.34026185 -5.5096455 0.2477232 0.08581089 -0.15612969 0.5372719 0.10231569 -0.15736358 0.21430796 -0.028491164 0.29751763 -2.436932 -0.41568202 -0.11337618 -0.122210436 0.08418154 -0.031771634 0.66014916 0.37421915 0.3831425 -0.61064833 0.19834107 0.23017919 0.16991273 0.46987033 -1.7066196 0.6050173 0.18026574 0.4673284 -0.13778755 -0.600826 0.05221591 0.31737715 0.03198714 0.2975811 0.2149253 -0.34878007 0.048022885 -0.8081839 -0.2259912 -0.18369612 0.17745346 0.23122212 0.3151412 0.4191758 -0.17904471 0.29673228 0.3238487 -4.2776127 -0.14146042 -0.04909402 -0.058778334 0.24303411 0.25016063
0.17382021 0.07815879 0.039202865 -0.4853398 0.3253107 -0.03412036 0.04644446 -0.23614745 0.03412273 0.60998046 -0.10365016 -0.71112996 -1.6368171 -0.8457234 0.23814176 -0.1964143 0.05551237 -1.362434 -0.063848004 0.35218853 0.0040322146 -0.015400184 0.048343565 0.63528746 0.028809113 -0.114812575 -0.05716761 -0.48361844 0.14098619 0.054101318 0.47658974 -0.019710356 -0.98574644 0.03643516 -0.024132872 -0.343011 -0.50498414 -0.12671933 0.099307574 0.40739188 0.04335369 0.48472455 0.014032875 0.21197377 0.18994461 -0.24509017 0.37238413 -0.28629753 -0.106132634 -0.11127624 -0.45493492 -0.109388135 0.094258815 -0.18993264 0.09931715 0.27323884 0.010613399 -0.12749699 0.17966911 0.070781186 0.003437966 0.2928146 -0.1236636 0.13568135
0.20044288 -0.36814696 -0.108621456 -0.5997716 0.35348895 -0.08362527 0.18481404 0.114742495 -0.0061554094 0.48844597 0.3383041 -1.0519912 -0.23208195 -0.043111723 0.14051867 0.20791902 -0.1544208 -0.48027068 0.07415991 0.28492013 0.29218447 0.076454796 0.2183832 0.5776976 -0.2560716 0.19575755 0.0030271744 -0.16547877 -0.006318876 -0.1832321 0.54742694 -0.17873552 -0.29158792 -0.0676095 -0.0151493875 0.5225198 -0.78793794 0.04683259 0.0905973 0.43752927 0.3180801 0.20669995 0.2000441 0.26648694 -0.13581997 0.032904986 0.14832053 -0.04724405 0.16824393 -0.06722681 1.0321629 0.07997853 0.087598026 -0.10022279 -0.08092697 -0.12602119 0.25513613 0.22679353 -0.2812736 -0.023863526 0.15559676 -0.12088942 -0.19853134 0.06658872
-0.05015058 -0.69053656 -0.16963471 -0.59513444 0.17610991 -0.055676997 0.20745195 -0.18221073 0.2372342 0.48447892 0.31830603 -0.77721334 -0.8756326 0.1866539 0.047332644 0.2304871 0.07747661 -1.3660649 0.073944986 0.27101788 -0.09445188 0.1677004 -0.26835945 0.38025716 -0.13710105 -0.08333742 -0.12244108 0.24410073 0.21591698 -0.2047696 0.47172165 -0.19911496 -1.0481782 0.10451679 -0.2653697 -0.44388416 -0.7431099 0.17228605 0.112779334 0.35183603 0.42803898 0.35668895 0.37907562 0.1372275 0.015190533 0.2307714 0.38856286 -0.027695414 -0.049461678 0.24633679 -0.08662842 -0.14536741 -0.15662304 0.28230643 0.048880253 0.3929581 0.13139275 0.161065 -0.5440319 0.35832858 0.23888785 0.20676993 -0.6512388 0.32263
-0.29045323 -0.6411582 -0.5883713 -0.4470532 -0.120938815 -0.10458304 0.030762348 0.059894092 0.061545063 0.1535539 0.17798287 -0.4764816 -1.9937383 -0.064125314 -0.34967712 -0.5482194 0.08421456 -0.6350705 -0.10339238 -0.026801009 -0.22157419 0.4679755 -0.20287485 0.41877586 0.17671372 0.033156633 0.13926007 0.1504081 0.020427724 -0.11518078 0.18391548 -0.21264093 -1.093854 0.22692429 0.068975925 0.08175434 -0.035092343 -0.0255549 0.7160994 -0.25524166 -0.17777048 -0.3982228 -0.21558096 -0.013247792 0.14014407 0.24397089 0.1739714 0.21666878 -0.3346171 0.54348505 -0.11506956 -0.27387512 -0.19158283 0.4121451 0.10659086 -0.14410606 -0.28224605 0.056768946 -0.750858 0.11228635 -0.24167874 0.06676119 -0.47957477 0.001146744
-0.18117581 0.33729318 -0.4224475 -0.48356888 -0.124364465 0.15866299 -0.22401074 0.26446465 -0.14527641 0.065558225 0.18078767 -0.07576986 -0.9998702 -0.459822 -1.103108 -0.9311334 -0.49729285 0.23510157 0.07687504 -0.03821604 -0.13720118 0.3339331 -1.0241538 0.3379192 0.14641902 -0.06288651 0.19182552 -0.074325584 -0.18135548 -1.2759124 0.27180797 -0.3881356 -0.6737889 -0.2787845 -0.01720646 -0.27865568 -0.73929006 0.361859 -0.13124888 -0.13873447 0.105134174 -1.036965 -0.14648168 0.30228075 -0.18609343 0.13718817 0.33389118 -0.035152752 -0.3145958 -1.0307058 -0.83468723 0.23862374 -0.023451 -0.2078457 0.2578913 -0.22676371 0.031064762 -0.18850403 0.48886305 0.20429964 -0.050218344 -0.13550596 -0.46925655 -0.19294152
0.21036881 -0.6104569 0.68693036 -0.6115182 0.254921 -0.09590933 -0.027340919 0.033995394 0.23651943 0.4166849 0.033882394 -0.95084685 -0.93063784 0.4111889 0.12510456 0.3466394 0.24115224 -0.083943635 -0.07155899 0.16356018 0.3249514 0.03117703 -0.29355553 0.48294762 -0.02444945 0.28338742 0.14251685 -0.016272096 0.11209034 0.12505902 0.20475945 0.09965927 -0.16366243 0.13794321 -0.06168627 0.2167228 -0.34968486 0.008758944 0.009520794 0.20076291 0.42191094 0.06233193 0.2283463 0.29157215 0.30361053 0.30878064 0.40463305 0.38984355 0.17275858 0.21986769 0.27148739 -0.065685265 0.1930542 0.02016401 0.23373266 0.09676603 0.21650042 0.074759245 -0.46840176 0.17004542 0.14747408 -0.032057002 -0.8093829 -0.04186158
-0.13325699 -0.043784253 0.0069748764 -0.012526535 -0.07885468 0.15513957 0.013211846 -0.15527034 -0.077751115 -0.14698371 -0.088196665 -0.24735926 0.043682575 -0.2026618 0.084471345 0.15939999 -0.19823515 -0.14280917 -0.20894909 0.0542532 0.03643348 -0.13669518 0.13958034 0.1037367 -0.22588462 -0.025068274 -0.11997188 -0.043347538 0.1392012 -0.038526434 -0.18634516 0.16398293 -0.23964545 -0.096447594 0.0851877 0.2082216 0.23062855 -0.069185734 0.07167213 -0.23225993 -0.058102813 -0.09042593 0.07096845 -0.17539613 0.05401182 0.11694102 0.18335037 -0.042271882 0.21752144 -0.24811067 -0.081653915 0.09477872 0.06410661 0.10645918 -0.17697105 0.1422721 -0.24730982 -0.18239288 -0.02844036 -0.25416324 -0.23763222 -0.23426194 0.2009972 0.04293534
-0.07976782 -0.010274708 -0.21790466 -0.23611265 -0.17434478 -0.24185961 0.16447815 -0.08748275 -0.06748605 -0.2152864 0.04140526 -0.037508547 -0.17019692 0.16029015 0.21072742 -0.17819485 0.14164507 -0.04059422 -0.0023602545 0.10641214 -0.045579433 0.21241084 0.15381646 -0.16228297 -0.15214062 -0.2477 0.0800415 -0.1880467 -0.20954475 -0.16024178 -0.24716794 -0.20356077 0.22299123 0.13964635 0.2215065 -0.12127027 -0.10253787 -0.08771697 0.0048826337 -0.17944136 0.03665051 -0.1602247 0.039505035 0.22899938 0.042224765 0.18236104 -0.17805228 -0.035280943 -0.15436962 -0.027736723 -0.09944922 -0.14194709 -0.24148515 -0.09269822 0.0334796 -0.04398012 -0.23283628 0.1877946 0.18537173 -0.1507253 0.025413811 0.16600224 -0.23741207 -0.22090003
0.23921907 -0.59853274 -0.1356075 -0.73419493 0.33158827 0.25357395 -0.07926999 -0.05227553 -0.2546143 0.32642287 0.3370198 -0.9584109 -0.43546173 0.36077264 -0.004137124 -0.28223762 0.02423339 -0.34789696 0.090562075 -0.016138146 0.15300924 0.00067065103 0.4170519 0.37233195 0.13513385 -0.06133898 -0.19716671 0.18527949 -0.19588614 -0.1077353 0.5379049 -0.13562335 -0.40909097 -0.2247279 -0.13775037 -0.24010468 -0.57381 0.0566046 -0.017042443 0.26482025 0.5865319 0.25386015 0.4201757 0.12510496 0.2989623 0.35692844 0.4611725 0.3245931 -0.13624847 0.57163095 0.57602185 0.23019789 0.22560892 0.043817624 0.005792912 0.2523852 0.11051828 0.24441999 -0.4879492 0.05963508 0.010802001 0.22192566 -0.75500053 0.02040269
0.16325417 0.0039209286 0.15928647 -0.10121138 -0.20608132 -0.17253193 -0.15362224 -0.20246024 0.077187255 0.021394677 -0.19634476 0.18183814 0.07117477 0.048460033 -0.12412954 0.12544505 -0.22277534 0.16719836 -0.15318763 0.058903895 -0.13860637 0.11631209 -0.2274529 -0.09116772 -0.067479074 -0.16660792 -0.13864805 -0.07509028 0.018733095 0.16024797 -0.0906747 0.22768137 -0.13648622 -0.14789039 -0.02994779 -0.09310943 0.06390036 0.21664585 0.039053634 -0.25697157 -0.12329903 -0.06702951 -0.2666057 0.02937879 0.17856474 0.07752813 -0.052760407 -0.058418058 -0.16271318 -0.046258993 0.17359038 -0.12853059 0.039996415 -0.20074709 -0.11228123 -0.034008287 -0.23587893 0.03755221 -0.26568875 -0.14845116 0.17397451 0.18629779 -0.03299989 -0.22754614
-0.10658614 -0.32100308 -0.5460768 -0.4634583 -0.036255393 -0.18543439 -0.00832816 -0.20774226 0.094478704 0.35381898 0.12472174 -0.94976074 -0.33263478 0.21891011 0.19720544 -0.65577596 -0.14685495 -0.86896014 0.21030846 0.37227628 0.20574564 0.26182806 -0.012644555 0.29382882 0.109655224 0.16118394 -0.29745108 -0.2690227 -0.06277527 -0.13261361 0.3013057 0.11216082 -0.11266969 0.025391972 -0.18552381 -0.81380993 -0.63760406 -0.13848463 -0.01446864 0.30385634 0.19535714 -0.2262722 0.24326938 0.22987925 -0.009786406 -0.21697496 0.16874346 0.012892421 -0.06791107 0.5611404 0.17497778 0.011722905 -0.09261122 -0.05677314 -0.5230084 0.20536982 0.06767273 -0.028897848 -0.14120254 0.26861906 0.07915443 -0.10629932 -0.62601215 -0.035215188
-0.08050904 -0.2611507 -0.032175172 -0.062476587 -0.22990742 0.09974264 0.22376001 -0.23639041 -0.011994025 -0.088603534 -0.10947242 0.057143874 -0.14975978 0.01756879 -0.14008959 0.19933325 -0.19366603 0.026572071 -0.003853633 0.08131378 -0.07126678 0.03890381 -0.031107638 0.17943835 0.0031597018 0.035873942 0.18711567 -0.12679558 -0.11030399 0.16124591 0.012204867 -0.25687683 -0.11949135 -0.2669692 -0.15525419 0.022408437 0.047676243 -0.07973278 0.18529753 0.09943359 0.17758283 -0.31013495 -0.14726242 -0.06304974 0.13844213 -0.1262817 -0.020925408 0.091743894 -0.14997043 -0.17740323 0.22435373 -0.08772967 0.17689696 -0.26351976 -0.12347364 0.118248574 -0.09948222 -0.0051690973 -0.22949101 0.19858383 -0.124777645 -0.106669374 -0.23011583 -0.19785048
0.11903822 -0.6477894 0.54511166 -0.6410396 0.494077 0.021261677 0.15258436 -0.051247902 0.049443685 0.76365256 0.0045715547 -1.2945276 -0.11857927 0.6253068 0.19295001 0.5150388 0.10196391 -0.60607225 -0.06111407 0.36895302 0.038887974 -0.19422029 0.13745388 0.6217733 0.10293328 -0.22209921 -0.14418434 -0.48338422 0.0430935 0.19196032 0.010291335 0.09744204 -0.22475399 -0.08085659 -0.015591489 0.11937759 -0.2670626 0.16586837 0.048205826 0.2394137 0.59062064 0.32005882 0.20383403 0.3589228 -0.086342454 0.16269104 0.34595588 0.15727298 0.35220537 -0.05564077 0.3943376 0.1834491 -0.24948451 -0.19328684 0.2651395 0.13701954 0.31028724 -0.0018220152 -0.31551346 0.34535453 0.0365718 0.21570174 -0.37436134 0.046791736
0.17498408 -0.08163889 0.4564342 -0.5615969 0.14606817 0.09191958 -0.021937346 0.30575132 -0.23576602 0.074800655 0.28188008 -0.7060394 0.2630057 0.23295286 0.10460244 -0.6073192 0.10129348 -0.6704839 -0.13181016 0.14582516 -0.21708994 0.27593493 0.30265936 0.16520107 -0.064243376 0.19524038 0.013065608 -0.13489719 0.12939414 -0.15043107 -0.30456486 0.07578507 -0.4350634 0.26560092 -0.21388498 0.064839825 -0.42631298 0.02124942 0.12049718 0.10793723 0.11804811 0.097791195 0.28622112 0.124364346 0.2009358 0.14785357 0.44306096 -0.17684075 -0.08305354 0.04654621 -0.027646383 -0.009450819 0.09182027 0.07151523 -0.27713913 0.14723268 0.063064225 0.10528706 0.184485 -0.25787118 0.15278998 0.10273664 -0.27809605 0.057654876
-0.026715018 -0.19856575 -0.26239806 0.01761176 0.17036185 -0.01943481 -0.08155894 0.079610825 -0.14808576 0.08821586 -0.20287001 -0.24380761 -0.14584959 -0.042804897 0.04451172 0.09880622 -0.21315491 -0.04223386 0.055257544 -0.07494271 -0.02732994 0.16185147 -0.08297854 0.08049027 0.20313513 0.056261193 -0.05105639 -0.1582953 -0.16523683 -0.07752493 0.050286252 0.10875521 -0.0143764 0.16415551 -0.12642674 0.030945197 -0.13666506 0.04588092 0.18784134 0.03591966 -0.015784867 -0.11474227 -0.21624024 -0.1934813 -0.2254542 0.15971124 -0.12673858 -0.037406445 -0.22402662 -0.09926546 0.19694291 0.0020713692 -0.04464087 0.10438972 0.19273826 0.1626451 -0.20993136 -0.01716344 -0.22724177 -0.20681891 0.19197103 -0.22985141 -0.12260425 0.08955125
0.35432893 -0.79428303 0.08304883 -0.7858505 0.44572285 0.028284559 0.094393186 0.31359074 -0.058534704 0.6757739 0.20150399 -0.94693327 -0.9644225 0.22135991 0.1937641 0.124067426 0.28176323 -0.21576908 0.14160489 0.41430798 0.24870235 -0.18404344 -0.23102269 0.5098558 -0.01967137 0.13664967 0.17676896 0.07875623 -0.1850766 -0.119802065 0.6027853 0.013543649 -0.500222 -0.20380813 0.19663973 -0.2818611 -0.5527002 -0.07084555 0.13309161 0.42333704 0.15417255 -0.061650094 0.3749862 -0.055618074 0.21943751 -0.10237033 0.15968637 -0.08290449 0.16434482 0.45931304 0.5923201 0.34652394 -0.15195659 -0.24195531 0.42890906 0.23485394 0.25743002 0.097897545 -0.41541237 -0.082212806 0.11534768 0.039042186 -0.6550811 0.31119698
-0.030412598 -0.24718317 0.122715674 -0.24775027 0.25104836 0.071250714 0.19725978 -0.23248576 -0.20550874 0.688725 0.014320636 -0.67497724 -0.28302792 -0.29070747 0.27691135 -0.03804528 0.02530532 -0.2716346 0.09272444 0.44698697 0.22008161 0.04987497 0.11956296 0.5437273 0.16858661 0.12309862 0.109725945 0.0012421946 -0.08047859 -0.09510765 0.56256473 0.14286491 -0.44620913 -0.08944993 0.025315616 -0.30626065 -0.22369213 -0.26685295 -0.1256571 0.26380658 0.5407641 0.14795612 0.36356294 0.24520707 0.30646488 0.28036374 0.59320277 0.2910731 -0.15235516 -0.21521643 0.017928546 0.33068332 -0.092002004 -0.19446993 -0.15234567 0.0150091555 0.12158894 -0.018217089 -0.26306114 0.08088463 0.065026075 -0.11988446 -0.37654647 0.051640503
0.18687138 -1.856968 -0.7775948 -0.3663015 0.20431462 -0.21526901 -0.2848408 0.23574741 0.17164321 0.35642937 0.17933054 -2.4750159 -0.0453197 0.18033741 0.13982785 -0.018288855 -0.0079365 -0.20121637 -0.085159995 0.31693128 0.008795275 -1.2002805 -0.121084996 0.3899643 -0.18738642 0.17951877 -0.1933109 -0.09448472 0.12333215 0.17521481 -0.007995956 -0.031054739 -0.7463688 0.20350914 0.005152823 -0.8999306 -0.44052127 0.12363674 -0.026214562 0.43074793 -0.5995519 0.23817867 0.28520414 0.16096617 0.17736258 0.15325136 0.49566674 0.07345037 -0.119072095 0.14699847 0.20927857 0.13702632 0.20525026 -0.04963502 -1.3374549 0.19676697 -0.06378289 -0.13443571 -1.0707852 0.22953083 -0.16484639 0.20586379 -0.5628072 -0.00118632
0.39158612 -1.0604484 -0.037598167 -0.57370436 0.14275274 0.2860241 0.06944266 -0.047523916 0.37419304 0.703068 0.5307123 -1.8088843 -1.1544236 1.649505 0.28149334 0.21592355 0.14983943 -0.5749754 1.9627789e-05 0.62615615 0.19498011 0.050639823 -0.25887433 0.5999745 0.04246458 0.04511711 0.23182641 0.17129664 0.008843584 0.22527577 0.40907022 0.039910823 -0.98362005 0.06868841 -0.2436666 0.33403292 -0.22983606 -0.36231047 -0.059561014 0.7694634 0.9498589 0.51128 0.566683 0.36591333 0.013309266 0.26872453 0.7933437 0.62501067 0.17309046 1.2630999 0.24255887 0.24337189 0.05883944 0.17989801 0.008423017 0.21057929 0.14400208 -0.031141153 -1.4095669 0.30577403 0.099336445 0.20610088 -0.76295173 0.19482023
0.21510771 -1.0489188 0.3929319 -0.38697004 0.34850675 0.07171114 0.1596017 -0.21187052 0.09206253 0.452771 0.13322417 -1.116823 -0.32536316 0.02199224 -0.06754779 -0.10097876 0.038043953 0.28264752 -0.024622371 0.4154404 -0.20900303 -0.122614235 0.37981632 0.5738166 -0.09357077 -0.11968586 -0.028611733 0.4475077 -0.050767053 0.13192767 0.040746864 -0.08571751 -0.06593242 0.011856121 -0.13350147 0.24422665 -0.55546874 -0.2517179 -0.12959129 0.16528064 0.4117014 -0.03194728 0.23072517 0.11697486 0.22824174 -0.062212028 0.19985838 0.18449694 -0.13977002 -0.31177253 0.02002791 -0.042819384 -0.18478149 0.27197546 -0.22483826 0.09092512 0.17048015 0.14915766 -0.327836 0.24936935 0.100903034 0.22291304 0.08400348 -0.014880045
0.208121 0.3428004 -0.26826978 0.5294551 -0.289881 -0.23856328 0.066466905 -0.25406453 0.44213802 0.12896244 -0.2984248 0.11919817 0.28582346 0.43130997 0.9314729 0.042602587 0.50496775 0.5722346 -0.23695168 -0.078182586 0.11520746 0.28273743 0.49986318 -0.16790354 0.7473619 0.4641817 0.17037782 0.115850486 0.34109548 0.81708896 1.1671759 0.2680816
0.113790795 0.35032392 0.08178287 0.6103467 0.0574148 -0.2481537 0.07340927 0.19911927 0.5438131 0.28480253 -0.08858397 0.040992256 0.43308952 0.27039847 0.7277962 0.17679718 0.42051739 0.37503934 0.29015693 -0.0020557852 0.40390435 0.07363422 0.34494856 -0.049232557 0.5819755 0.4552124 -0.21723723 0.13994548 0.25207475 0.7569796 1.2674344 0.53591657
-0.0028549894 0.5391945 0.22137786 0.058546163 0.24566998 0.005854527 -0.07793958 0.05066425 0.13849418 0.18657364 -0.3606763 0.17742361 0.39674908 0.47349423 0.66346014 -0.00090058957 0.5678958 0.6162866 -0.014280551 -0.32352135 0.24438821 -0.28044194 0.57177573 0.042100362 0.62870234 0.4727714 -0.1924271 0.54108554 0.5630911 0.8826942 0.97433597 0.06293097
0.20309564 0.5342121 0.2046865 0.21849896 -0.22091241 -0.26709908 0.03803017 -0.0023212256 0.34286362 0.22270451 -0.27019176 0.03870146 0.70686305 -0.010903515 0.64591867 0.06800925 0.44203785 0.58199805 0.06938923 0.25883716 0.55195636 0.29162797 0.20454226 -0.21443613 0.45964372 0.16100481 -0.005645984 0.52727 0.62903005 0.5642289 1.1414673 0.35275578
0.14635375 0.550065 0.13179004 0.33476114 0.13880384 0.24472333 0.14740442 -0.022799324 0.12258918 -0.399015 -0.01280119 -0.06997463 0.5543375 0.5246605 0.835227 0.22194284 0.63734126 0.48876202 -0.047305584 -0.27477866 0.2522265 -0.10752426 0.34553117 -0.31980437 0.48551375 0.27725565 -0.253061 0.5185317 0.35692993 0.5420496 1.1335267 0.36679813
-0.07668763 0.49655104 0.019342022 0.4217891 -0.22088955 0.08336476 0.13784543 -0.283028 0.203278 -0.17514199 -0.29964653 -0.17052533 0.47974694 0.42197928 1.0340807 0.2916309 0.57403314 0.3225189 -0.30433133 0.265924 0.65717286 -0.33736014 0.2306897 -0.32284567 0.30164516 0.15286909 -0.23067813 0.45791933 0.3532658 0.51748437 1.1005509 0.5270438
0.122182705 0.49557358 -0.16449738 0.5139658 0.22644684 -0.08488679 0.27027372 -0.2691478 0.31182772 -0.10347589 -0.2186239 -0.26110697 0.38125592 0.26419654 0.9395382 0.29277587 0.50806457 0.2336924 0.004983429 -0.1243843 0.30858323 -0.3608102 0.57232815 0.20260726 0.41727707 0.18906818 -0.3504474 0.40061307 0.51751524 0.5160712 1.215959 0.52620125
-0.06391651 0.5895084 0.22094242 0.034681853 0.13126732 -0.34217635 0.16598749 -0.10791072 0.5089291 -0.15081497 0.16029221 -0.19317427 0.661703 0.40317625 0.7111463 0.2363021 0.7903785 0.5295907 -0.33805546 -0.099139646 0.69105434 0.07642029 0.38958275 0.028877418 0.30422527 0.1453256 0.04471469 0.5770093 0.2740337 0.47585103 1.0826725 0.29629982
0.4775964 0.7823136 0.0075774477 0.007303265 0.08986646 0.36204037 0.17483556 0.16732676 0.13577023 -0.75688833 -0.11839252 0.17719942 0.5942427 0.36488676 0.73075145 0.21054478 0.47394025 0.1504659 -0.14637434 0.071068965 0.52337855 0.31446946 0.44294396 -0.2907943 0.57811594 0.44766775 -0.081124514 0.3101025 0.6316125 0.47398382 1.0832014 0.31889477
biases
0.30272585 0.0880345 0.017999776 0.18517214 0.35017335 0.005191247 -0.05936461 -0.32221568 0.27637234 0.5423895 0.41989523 0.016026089 0.062090173 -0.1522336 0.21932131 -0.06978131 0.2558134 0.05511435 -0.16691838 0.40803277 0.21625066 0.0017942354 -0.12402643 0.5394061 0.006215508 -0.10164722 -0.07968473 0.14566141 -0.089848444 0.020530188 0.45242935 -0.02227361 -0.3237815 -0.07961078 -0.12593311 -0.38792807 0.22986916 -0.33687988 0.15303935 0.4499336 -0.023680601 0.27523226 0.45776337 0.3508314 0.2745385 0.34211844 0.46717867 -0.008036673 -0.31306234 -0.046744645 -0.24442777 0.20624664 0.01 -0.13609552 0.047212023 0.32461354 0.2883654 0.16163261 0.09596037 0.2869987 0.01 0.24396552 0.07281132 0.26808247
0.02366403 0.42609888 -0.013765284 0.3002641 -0.00961049 -0.014615818 0.020644264 -0.038896386 0.34742942 0.038560927 -0.008277934 0.0701854 0.42757127 0.39103365 0.48922622 0.24509726 0.18446107 0.4519964 -0.0020476428 0.01 0.4355881 -0.03878099 0.34538063 -0.053286355 0.4630288 0.2708943 -0.017832711 0.4257185 0.40780613 0.44506568 0.5644253 0.36810955
0.3726828 0.37732092 0.25456798 0.2792286 0.31883582 0.3427715 0.4314029 0.43538633 0.2965327
