network_architecture
5
64
32
7
weights
-0.4510892 -0.43687728 -0.72169036 -0.59262747 -1.4034735
0.4904919 0.03192041 -0.3154879 -0.17615534 0.5574824
0.22470222 0.5023007 0.26293546 0.5073638 -0.13702819
0.15077946 -0.25657207 0.02329444 0.14093348 0.81219965
-0.122426674 0.39091936 0.388596 0.3050148 0.43579727
-0.31178185 0.52350533 0.5589731 0.48687682 0.0094279
-0.04359364 0.28074163 -0.24166034 0.06394132 0.4758853
0.24533421 0.097961694 -0.17871767 0.056423925 0.67393327
-1.3393985 0.27190876 0.2704935 0.7023372 0.0033184625
2.1730373 -0.18290693 -0.23457119 -0.1895325 0.13098988
0.15357573 -0.3326028 0.12928289 -0.23788038 0.89621073
-0.05759437 0.3562034 0.41604728 0.4239215 0.49942023
0.27628618 0.5971731 0.4061687 0.54745907 0.10647149
0.6722156 0.6638963 0.19013369 0.9235155 -0.9192559
-0.5243097 -0.74872625 -0.35632572 -0.54775244 -0.9693927
0.07506418 0.109488636 -0.3175805 -0.20925273 0.5767496
0.08955752 -0.3175436 -0.121375024 -0.35960397 0.4027806
-0.05048764 -0.24299808 0.049213238 -0.2968821 0.5696359
-0.19968879 -0.8656419 -0.30646008 -0.37153193 -0.32770434
-0.09299265 -0.052517407 -0.14773801 -0.27351996 0.6830033
-0.21110815 0.4186259 0.28552318 0.36870873 0.45235428
0.594534 0.5720728 0.5228197 0.23957969 -0.76915103
-0.17295848 0.048780758 -0.124633096 0.09535077 0.65057486
-0.51252055 -0.71556455 -0.64209074 -0.30395335 -1.1532882
-0.6244275 -0.31185132 -0.5638328 -0.25877103 0.11103518
0.6282147 0.2503078 0.50643724 0.75179404 -1.1980387
-0.4415509 -0.41361377 -0.41732317 0.46844682 -0.0569775
-0.27564764 -0.45323774 -0.4666865 0.0422134 -0.9613203
0.18520525 0.16053934 -0.2926464 -0.35115245 0.68540776
0.7803569 0.33924732 0.5733647 0.03419344 0.04078059
-0.39246997 0.46980038 0.2920203 0.2985887 0.54897934
-0.24813652 0.0518917 -0.23168492 -0.10013783 0.7113581
0.34939936 0.06012613 -0.29866064 -0.37967756 0.6622089
-0.37672788 -0.0851003 0.42939624 0.3324506 0.13591602
0.5158468 0.5910556 0.3277412 0.3287266 -0.1311392
0.32526085 0.60559016 0.5171617 0.6992645 0.1027599
0.018066194 0.046467643 -0.053541657 -0.1901153 0.6089405
-0.3964069 -0.59579635 -0.62605435 -0.7722805 -0.2569696
-0.2478484 -0.4633875 -0.691072 -0.36943507 -0.21632296
-0.03612023 -0.07231038 -0.16145197 -0.17219199 0.700863
-0.17659383 0.39595637 0.29279077 0.35705754 0.38881147
-0.5241882 -0.0734057 -0.40616935 -0.2886122 0.30395517
0.09575173 -0.20288666 0.13795006 0.056247354 0.8225407
-0.54830927 -0.3336401 -0.34044078 -0.41279703 -0.18260565
0.21416394 -0.19937856 0.16596566 0.024021877 0.61627537
-0.020672161 0.28780922 0.177066 0.49359286 0.17266382
-0.07830225 -0.081754714 0.08848683 0.10215901 0.76503724
0.0016329129 0.03223948 -0.19282849 0.21870941 0.3905582
-0.54552114 0.54973257 0.3642639 0.14978525 -0.014266297
-0.028476994 0.2060511 -0.35958546 0.09633529 0.7650124
0.38131902 0.35685894 0.55793554 0.14399041 0.21934241
0.7885847 0.16438065 0.53087664 0.16098604 -0.13167633
0.33761522 -0.12307798 -0.20664592 -0.04262059 0.6308947
-0.06391188 -0.23381443 0.078784704 0.039862268 0.40808362
-0.65731686 -0.499408 -0.635268 -0.30659983 -0.9982887
-0.3284251 -0.7230023 -0.4736226 -0.4416806 -1.4433086
-0.006332635 -0.0142943 -0.09482896 0.122315176 0.7265168
0.37973475 0.3258138 0.24222244 0.36887726 0.041617714
0.5127054 0.5716758 0.29834995 0.42373085 -1.7663844
-0.2213152 -0.043340918 -0.023078548 -0.13927546 0.6274412
-0.79045063 -0.64370805 -0.19417343 0.14748903 0.13340575
0.54443187 0.59623194 0.44523883 0.31940967 -0.60117
-1.7479291 -0.030950097 0.30808994 0.14977503 -0.31678012
-0.254925 0.51049995 0.26125175 0.400368 0.5180901
-1.2361571 0.65558493 -0.11075521 0.66092604 0.41379178 -0.041636016 0.33621788 0.7361399 0.33390483 1.4569236 0.58245385 0.4236689 -0.33892232 -0.78399503 -0.84407157 0.72918546 0.522904 0.7811034 -0.52585644 0.7366285 0.30592015 -0.5687992 0.5589478 -0.948789 -0.44654638 -0.72740763 -0.20097777 -0.58107054 0.7452486 -0.6287644 0.60010874 0.81069106 0.6665864 0.30099458 -0.49721014 -0.19239391 0.756823 0.033344008 -0.25077277 0.6708518 0.60092586 0.4988576 0.3933148 -0.39192393 0.55752057 0.32773408 0.69075394 0.27435964 0.46908545 0.43319222 -0.5441884 -0.2069687 0.3065669 0.5759763 -0.4987853 -1.2798764 0.6653128 -0.42157906 -0.55791205 0.50967026 -0.4913453 -0.6214512 1.4199245 0.3954557
-0.15067075 -0.027181674 0.022554815 -0.096165106 -0.22840884 -0.15622257 -0.05207276 0.057943065 0.22231838 -0.013163203 0.06539536 0.09244718 -0.10901293 -0.105821185 0.15123755 0.1567503 0.013769499 -0.22250533 0.12263974 -0.22585443 0.092288084 0.0015771976 0.07063373 -0.25277916 -0.1041227 0.08756766 0.19242156 -0.101572596 0.20066962 -0.08936424 -0.17342117 -0.12700415 -0.008635346 -0.044433326 0.08916048 -0.16170825 -0.106060065 -0.26078182 0.18632379 -0.070360355 -0.2292029 -0.023453405 -0.026752226 0.055407785 -0.08269601 0.1155849 -0.12529026 -0.09294425 -0.059367448 0.03216117 0.1809421 -0.035535585 0.16698198 0.1963866 -0.14642254 -0.039739132 -0.16381182 0.08507225 -0.11924838 0.04963554 -0.0014364142 -0.1845691 -0.16807353 -0.24418122
-0.9963763 0.62274605 -0.35960233 0.6734999 0.13779123 0.20334566 0.22806445 0.558052 0.52420086 1.2731328 0.8189563 0.32661268 -0.06363688 -0.71634257 -0.65011644 0.730723 0.39409894 0.58587205 -0.42101005 0.26943463 0.5320563 -0.61202306 0.7056651 -0.9344114 -0.63823026 -0.64845675 -0.41132718 -0.16248304 0.77105117 -0.12496281 0.21357027 0.5392889 0.50229806 0.4391087 -0.47313565 -0.18559897 0.5317375 -0.48539373 -0.6650157 0.71002346 0.2993257 0.48421392 0.5638509 -0.24455488 0.44728252 0.23990786 0.39849845 0.15397778 0.37010914 0.28618485 -0.46241283 -0.3679653 0.68592787 0.5968156 -0.7454777 -0.7797224 0.5149461 -0.39766482 -0.57689047 0.7010641 -0.26148197 -0.79035264 1.5249882 0.6425856
-0.66849416 0.71827817 -0.124014884 0.6004157 0.5639275 0.11229732 0.29621142 0.6664782 1.0217878 1.385014 0.6995787 0.18901663 -0.28446034 -0.7766837 -0.47309294 0.40578812 0.32420418 0.49654743 -0.38832262 0.15613328 0.59849215 -0.48100954 0.51377994 -0.7406563 -0.25221258 -0.5732788 0.40499145 -0.2917137 0.72499365 -0.21400526 0.632618 0.20433001 0.37903655 0.35710198 -0.3096592 -0.23915005 0.53234255 0.21349326 -0.04091515 0.25051683 0.21470557 0.58532166 0.46841007 0.116882764 0.27032977 0.19109209 0.48668036 0.12685017 0.6879622 0.52067447 -0.5268262 -0.49853933 0.36355147 0.415372 -0.5128412 -0.789048 0.18175964 -0.54337233 -0.61487496 0.5245986 -0.04989084 -0.48588097 2.0451145 0.22165522
1.0851575 -0.2637886 -0.59521866 -0.25688243 -0.95333517 -1.4880614 0.34131718 -0.15239586 -0.32188073 -1.0938282 -0.15018485 -0.5669983 -0.17856133 -0.59476286 0.9567159 0.31044126 0.41776976 0.3204804 0.5911001 0.20716748 -0.44829145 0.7091798 0.41454178 0.9101317 0.8975179 -0.9490447 0.71213067 0.60289466 -0.11553341 0.19948262 -0.49953148 0.34647465 -0.08260306 -0.182334 -0.23686914 -0.49873558 -0.0016573938 0.47892693 0.60061294 0.40850455 -0.5026773 0.58110756 -0.3110205 0.5269084 -0.4979 -0.79934484 -0.017016778 0.29017758 -1.0681432 0.37135163 -0.13359185 0.059791554 0.04931484 0.14717844 0.7247824 0.90061784 -0.0738147 -0.5820784 0.03445201 0.4488699 0.60113674 0.78281975 -0.5196676 -0.24722895
-0.8760739 0.8185284 -0.4723456 0.46735653 0.5084414 0.31289598 0.4789091 0.76790005 0.30702427 1.699287 0.7334027 0.34137052 -0.34518108 -0.8300878 -0.8217081 0.7191282 0.5449976 0.76273394 -0.32373673 0.29831716 0.5755545 -0.37667406 0.4379317 -0.5621169 -0.44449592 -0.7626522 -0.58496135 -0.25433412 0.7194694 -0.30492926 0.57477313 0.5684253 0.51151115 0.68848103 -0.0062317634 -0.11143076 0.48413953 -0.47293758 -0.39834556 0.6654728 0.4701718 0.10846896 0.8298687 -0.16906036 0.47471136 0.4336399 0.40467313 0.4221766 0.43435258 0.30467507 -0.50756323 -0.051033646 0.65031576 0.24027312 -0.7210538 -1.0362828 0.5349657 0.0527972 -0.64185554 0.5842766 -0.39041474 -0.46120188 0.92177975 0.549829
0.64903075 -0.12310679 0.1831787 0.049363337 -0.36468458 0.3133714 0.10234472 -0.012687916 -0.14946648 -0.5753602 -0.34510016 -0.377132 0.50770956 0.3479526 0.38313273 -0.05615291 0.04308879 -0.013443868 0.3992883 0.050113935 -0.19696999 0.66860974 0.1452271 0.54160166 0.6012531 0.8575528 0.16435602 0.48076266 -0.1933203 0.532673 -0.426702 0.083485514 -0.2593246 0.016035385 0.38623324 0.4847002 -0.243929 0.69468737 0.36236396 -0.13743967 -0.035790093 0.111791894 -0.29349908 0.30245414 -0.12209596 0.0065593827 0.18256035 0.18968835 0.09776995 -0.20161238 0.16851933 0.5282221 -0.15297548 -0.050718922 0.30238178 0.26283696 0.003776646 0.22826448 0.63390255 -0.07327807 0.48612353 0.47571224 -0.27499598 -0.06071237
0.07411566 0.3387742 0.3571474 -0.26625565 0.05676967 0.2025497 0.18426515 0.27596438 0.16742869 -0.6037046 -0.16859363 0.26902092 0.51771945 0.5187097 0.07409592 -0.4655589 -0.25694346 0.0032626067 -0.50794834 -0.15852019 -0.12732384 0.69903374 0.00315548 -0.36761266 -0.061767463 0.7646993 0.62380713 -0.29782364 -0.19840468 0.64687645 -0.084992774 -0.2831944 -0.26327375 0.08198292 0.44624087 0.23683327 -0.02537782 -0.87757665 -0.32002902 -0.42446592 0.24882819 -0.89882416 0.0053414847 0.18332237 -0.17210679 0.35384065 0.16395055 -0.06254475 0.117674716 -0.048820518 0.6646161 0.6661747 -0.2105536 -0.2791722 -0.58654886 -0.1678681 -0.11781252 0.35358846 0.81708026 -0.3710021 0.35294235 0.37754697 -0.71215564 0.3124669
-1.6938452 0.04288625 -0.06084292 -0.11993918 -0.037948724 0.20217277 0.3124821 0.29896697 -0.14070214 0.7365909 -0.18473081 0.31943586 -0.12077888 0.34875238 -1.2982512 0.22680837 0.06469144 -0.12614828 -0.0031108381 0.014874211 -0.10765479 0.07393064 0.1414332 -0.8621914 -0.07605716 -0.1737841 -0.14860559 -0.43930623 0.038998943 0.028328393 0.025066325 -0.089276776 -0.180306 0.14219409 0.36913168 0.23034108 0.26192832 -0.28862274 0.0023914482 -0.1941874 0.24609391 0.18860754 0.23768565 -0.19961354 -0.06262941 0.35147867 -0.13637386 0.009883691 0.01012357 -0.16060825 -0.23045532 0.41326192 0.23477738 0.05670882 -1.1498442 -1.306509 0.32987157 0.16299325 -0.08315148 -0.1900476 -0.24322833 0.14397223 0.33455285 0.19086136
-0.9253366 0.3451123 0.07279285 0.38875535 0.24605513 0.13231274 0.5828479 0.20650083 0.71695566 1.3142191 0.26964736 0.46315333 -0.38273552 -0.80065775 -0.5102372 0.4981884 0.5022064 0.42209503 0.09226739 0.21872582 0.2667329 -0.5690749 0.4670613 -0.458514 0.18062094 -0.6027472 0.3961784 -0.15137024 0.45093995 -0.56290144 0.5273278 0.4895122 0.38804492 0.69060564 -0.115917146 -0.27210203 0.23702954 -0.10824956 0.14102024 0.48108885 0.21772201 0.48498407 0.3427803 0.4157453 0.2881712 0.47220185 0.5862105 0.46301037 0.77731574 0.4581424 -0.2386721 -0.55925107 0.28107274 0.3100952 -0.07844541 -0.8849021 0.5163327 -0.12345474 -0.3521066 0.5375527 0.0626777 -0.43320876 1.602087 0.666185
-1.0177594 0.633216 -0.6022271 0.80091685 0.38616797 0.42546102 0.4456177 0.42711142 0.5829926 1.3634832 0.66797316 0.4509308 -0.4271657 -0.51506746 -0.6355687 0.36936936 0.2472168 0.7981037 -0.53658056 0.65520936 0.39572358 -0.42292657 0.44581014 -0.8105322 -0.465839 -0.8841515 -0.2787414 -0.25355643 0.8202326 -0.3782678 0.53103733 0.85841393 0.8472806 0.41636744 -0.46593943 -0.25280222 0.6618405 -0.45140353 -0.5248463 0.6958653 0.71204305 0.29022878 0.45559514 -0.26242128 0.2978598 0.17953072 0.7394687 0.7191038 0.15425877 0.5605218 -0.7325209 -0.22314441 0.4588185 0.31881517 -0.7039314 -1.0970099 0.77808064 -0.3713889 -0.5581741 0.8174906 -0.29702848 -0.51644456 1.5415518 0.54398054
-0.82697177 0.6553899 -0.41964126 0.72965825 0.53243685 0.33541417 0.68566155 0.559897 0.75272894 1.3211663 0.74006134 0.640566 -0.35621342 -1.0013632 -0.78707 0.27502334 0.34922916 0.6381269 -0.28706872 0.6095781 0.42556044 -0.4063819 0.25971195 -0.6213183 -0.47368413 -0.83122337 -0.07658784 -0.3553361 0.6014858 -0.11141406 0.61432445 0.68704647 0.3068617 0.22991042 -0.22252545 -0.36553836 0.5697503 -0.423334 -0.4037932 0.60360914 0.581003 0.2878294 0.2392453 -0.16578838 0.5734046 0.55910987 0.472922 0.56631374 0.17854692 0.70203596 -0.5203328 -0.3182034 0.679083 0.31267726 -0.32760292 -1.2423831 0.70165676 0.16990054 -0.52585965 0.7060998 -0.4450654 -0.4870389 1.3548034 0.6134647
-0.9643697 0.71741915 -0.2790564 0.46377128 0.4438426 0.15521237 0.24562068 0.6889509 0.8884679 1.5626286 0.53302014 0.2438894 -0.50045997 -0.6998381 -0.76058054 0.52450866 0.66413987 0.75270337 -0.20867889 0.3799975 0.2591702 -0.349809 0.29784456 -0.7608448 -0.25755057 -0.71081066 0.22760932 0.120780274 0.71676844 -0.44245076 0.43597355 0.40365463 0.6051429 0.57498413 -0.18219078 -0.47181368 0.5947131 -0.18934284 -0.13805434 0.49330965 0.47487316 0.21980746 0.833846 -0.06402587 0.60322934 0.48130822 0.6642581 0.60594505 0.6422204 0.74531597 -0.40268973 -0.15547927 0.4074733 0.26446167 -0.18322328 -0.88125664 0.5858752 -0.45529464 -0.64979094 0.7372171 -0.10613399 -0.5702899 1.7598022 0.30668274
-1.0998138 0.57496405 -0.45640215 0.66947097 0.6606936 0.32691202 0.78802747 0.45018125 0.682591 1.6094389 0.47244996 0.48364493 -0.19019262 -0.76693577 -0.7360511 0.7418826 0.852508 0.7256048 -0.47140765 0.6708 0.4744275 -0.6608679 0.5462929 -1.1211616 -0.54338497 -1.0851512 -0.0061423727 -0.55464804 0.7339027 -0.31922403 0.7347629 0.7880966 0.56640303 0.74161136 -0.49077758 -0.2277251 0.8433498 -0.124434926 -0.42138574 0.56212777 0.556615 0.68062526 0.39973947 -0.27664283 0.35320398 0.40746212 0.56235534 0.6578827 0.28760326 0.30090827 -0.6537042 -0.5036998 0.5741324 0.5242663 -0.87319314 -1.2417793 0.32972482 -0.42290485 -0.89323235 0.5240754 -0.44952935 -0.5834795 1.7094841 0.71022165
0.72203046 -0.13406195 0.35042706 0.11039047 -0.3559582 -0.035602916 -0.19926822 -0.30700877 -0.21639878 -0.7249301 -0.11494432 0.010733898 0.32932872 0.8940355 0.44270208 -0.11079445 0.018991513 -0.10903966 0.13623719 0.029939935 0.04017575 0.23580478 0.19499329 0.5967363 0.4935265 0.77886087 0.18126975 0.26791888 -0.300398 0.23778532 0.02282397 0.22374618 -0.32820976 0.12007117 0.4870688 0.31395897 0.14039637 0.31785846 0.16985294 0.15565024 -0.24613547 0.09055877 -0.19381227 0.65360653 0.0340884 -0.21822453 -0.044143494 0.12905936 -0.54426545 0.060673963 0.2329016 0.41541862 -0.07594329 -0.004367274 0.68937576 0.66674775 0.0843826 0.15579714 0.57225364 0.02772638 0.57326 0.34845588 -0.45584 -0.38634035
-0.7984242 0.65060544 -0.17601587 0.6291662 0.46980944 0.47473526 0.56907654 0.6107509 0.6370288 1.2302221 0.6092415 0.38904172 -0.4963513 -0.8933067 -0.8421563 0.29491666 0.4989081 0.7356542 -0.31405112 0.54889065 0.28051373 -0.38948324 0.46549666 -0.82655907 -0.35585666 -0.5699015 -0.08809618 -0.35923037 0.5836933 -0.5742885 0.42722392 0.75434595 0.5631708 0.4056734 -0.48893884 -0.33028015 0.6095479 -0.3654709 -0.32359603 0.7222322 0.41371274 0.58033997 0.26144826 -0.020837422 0.3307423 0.29231203 0.62950516 0.15354924 0.49159527 0.29913023 -0.2752377 -0.24435648 0.5220732 0.22692116 -0.3898419 -1.2046006 0.5711747 -0.080739096 -0.80487967 0.46314973 -0.20369491 -0.50409126 1.3136734 0.6219196
-1.094291 0.58473176 -0.19492084 0.41849118 0.4493292 0.38030952 0.39357296 0.44291294 0.5401966 1.3443749 0.617521 0.341715 -0.083340704 -1.0007336 -0.71267045 0.16288248 0.4760811 0.6008289 -0.45726925 0.32188147 0.35884514 -0.13934615 0.58492583 -0.64650553 -0.22446863 -0.6898797 -0.47987798 -0.14371021 0.5068582 -0.012768177 0.41120693 0.39254102 0.68994063 0.09925814 -0.18495597 -0.14799874 0.37841356 -0.14533691 -0.38414848 0.27535954 0.40948856 0.39392444 0.238541 -0.21690996 0.45044714 0.4481775 0.13918902 0.1698516 0.13458478 0.28423896 -0.35129675 -0.44413513 0.63092667 0.22714439 -0.5000239 -1.1979749 0.43745005 -0.39865977 -0.39420366 0.63005507 -0.17132483 -0.44751292 1.003174 0.10917022
-0.8439666 0.5052421 -0.40466315 0.262403 0.006834655 0.26988873 0.19907944 0.34964418 0.7188377 1.3461739 0.62109303 0.21422169 -0.04424075 -0.70681363 -0.49339324 0.4045484 0.49710622 0.73861265 -0.21857549 0.2504915 0.3467561 -0.31034452 0.19028787 -0.6983977 -0.1826951 -0.81799203 -0.13601989 -0.45665568 0.43023953 -0.111758515 0.5631695 0.2848751 0.4264663 0.27315822 -0.17318599 -0.17862773 0.23382638 -0.04540073 -0.31100592 0.6915894 0.32105973 0.2731983 0.37610066 -0.0041677905 0.58115697 0.023311133 0.31696427 0.4564085 0.2509975 0.24551155 -0.360936 -0.109788805 0.43129513 0.17800608 -0.6195711 -1.0027531 0.59671664 0.105212376 -0.6239819 0.50860995 -0.40452066 -0.27813867 1.2994438 0.44951293
-0.1021142 0.16224381 -0.23287809 -0.0603041 -0.08160115 -0.27606037 -0.18334092 -0.22134726 0.047136266 -0.063197635 0.06563482 -0.076176524 0.18974747 0.028317034 0.1834513 0.15164071 -0.22355796 -0.2214315 0.13684428 0.18442185 -0.23330244 -0.020310618 -0.11836692 0.21202643 0.16240734 0.18195066 0.119064964 -0.07060598 0.17492227 -0.1341957 -0.009601381 -0.104970336 -0.22100675 -0.12815103 0.060614973 -0.03844116 -0.20514831 -0.059240825 0.005476955 -0.22801194 0.1325287 -0.24566397 -0.02175739 -0.21230376 -0.24702907 -0.044967797 0.2052993 0.21814623 0.089852154 0.16487348 -0.15726806 0.13476928 0.11603068 -0.25861192 -0.23525786 0.09281438 -0.0021330467 -0.18023382 -0.19728068 0.15440978 -0.014103182 -0.032831 -0.24167874 0.19873595
-1.1972553 0.6037687 -0.27281597 0.5246512 0.47519526 0.23970574 0.31352845 0.7492225 0.28892276 1.693362 0.47363892 0.29946068 -0.068639986 -0.70391697 -1.0147552 0.60628045 0.17914997 0.73920643 -0.31512436 0.6510526 0.46118236 -0.3132006 0.5290177 -0.69939834 -0.40319684 -0.6913119 -0.012288367 -0.24401738 0.7430776 -0.1761458 0.339057 0.36134797 0.67263633 0.16603711 0.022908838 -0.49933767 0.5138662 -0.45396286 -0.08227885 0.68009126 0.48502067 0.2344353 0.29865426 -0.3752947 0.32434756 0.5365682 0.34973872 0.41695 0.50079024 0.57065165 -0.6335857 -0.1896728 0.39181957 0.47694337 -0.56251204 -1.076594 0.7255425 -0.06448341 -0.4463823 0.4197932 -0.17730199 -0.34658647 1.0479387 0.49493715
-0.80000937 0.17304976 0.3285241 -0.10711456 0.06718726 0.42791203 0.13401224 0.14214846 0.13967697 -1.1130173 0.15410607 0.19772035 0.21287155 1.0040327 -1.0837642 -0.30071238 -0.18605536 -0.26416552 -1.4661572 -0.45470265 0.12520339 0.41327783 0.24611107 -0.48614568 -2.1781313 0.94014066 0.64198506 -0.28008744 -0.0035187847 0.24135695 0.34947926 -0.28033102 -0.17627925 0.28763193 0.4630556 0.376651 -0.23727861 -2.539843 -1.2035098 -0.33934483 0.08960651 -0.4645383 -0.02405256 -2.2244186 0.21818008 0.39282948 0.3502635 0.3189217 0.18379593 0.09006164 0.66520506 0.07091013 0.20201962 -0.027213879 -0.9582347 -0.56203943 0.14050154 0.32771012 0.8299409 -0.082628734 -0.2269458 0.72176266 -0.9368357 0.062805906
-0.16217667 -0.17023358 -0.121638834 -0.031518996 0.018692613 -0.0017632842 -0.06612229 0.15513957 0.013211846 -0.14516315 -0.0661625 -0.14698371 -0.088196665 -0.23582616 0.043682575 -0.1937092 0.09669137 0.17125994 -0.1859819 -0.13193285 -0.19753414 0.066717654 0.04837376 -0.1290369 0.1510202 0.1037367 -0.22588462 -0.01359874 -0.107622325 -0.043347538 0.1392012 -0.02689007 -0.17362842 0.17585865 -0.22851142 -0.085858256 0.09632838 0.22097227 0.24263564 -0.058730066 0.08342415 -0.21955785 -0.04864508 -0.07776412 0.07096845 -0.16380063 0.05401182 0.12915874 0.19483683 -0.042271882 0.22840157 -0.2362015 -0.07084355 0.09477872 0.06410661 0.1177344 -0.1658938 0.15393311 -0.23463115 -0.17141956 -0.017002046 -0.24287674 -0.23763222 -0.22193313
0.2009972 0.054838747 -0.07976782 -0.010274708 -0.21790466 -0.23611265 -0.17434478 -0.24185961 0.16447815 -0.08748275 -0.06748605 -0.2152864 0.04140526 -0.037508547 -0.17019692 0.16029015 0.21072742 -0.17819485 0.14164507 -0.04059422 -0.0023602545 0.10641214 -0.045579433 0.21241084 0.15381646 -0.16228297 -0.15214062 -0.2477 0.0800415 -0.1880467 -0.20954475 -0.16024178 -0.24716794 -0.20356077 0.22299123 0.13964635 0.2215065 -0.12127027 -0.10253787 -0.08771697 0.0048826337 -0.17944136 0.03665051 -0.1602247 0.039505035 0.22899938 0.042224765 0.18236104 -0.17805228 -0.035280943 -0.15436962 -0.027736723 -0.09944922 -0.14194709 -0.24148515 -0.09269822 0.0334796 -0.04398012 -0.23283628 0.1877946 0.18537173 -0.1507253 0.025413811 0.16600224
-1.1876361 0.35011452 -0.04637719 0.5202155 0.5007748 0.34936282 0.44246352 0.7471706 0.390141 1.5809766 0.3899146 0.4135072 0.09103282 -0.9944276 -0.79341096 0.5652621 0.33848354 0.5255686 -0.3873996 0.268137 0.45502806 -0.44053528 0.54063576 -0.70703405 -0.37218225 -0.8289729 -0.1260326 -0.29610687 0.33786282 -0.20825216 0.27217957 0.3697533 0.7669616 0.22533698 -0.21904205 -0.31194735 0.4194375 -0.38065407 -0.38614443 0.48669136 0.5229861 0.19091786 0.6561473 -0.32736343 0.76085204 0.38388443 0.6884195 0.5229255 0.4591648 0.6077104 -0.51281834 -0.17353626 0.6309876 0.45223302 -0.3012901 -1.012938 0.4697062 0.24793436 -0.58434296 0.74698085 -0.6654983 -0.43249664 1.0736868 0.5970116
-1.1242645 0.55771804 -0.1896621 0.62031335 0.5163054 0.14721183 0.28324485 0.44763672 0.23964265 1.7347968 0.7688465 0.4710341 -0.37237924 -0.20983253 -0.6054566 0.621559 0.4282609 0.8283702 -0.6233187 0.71676296 0.23274611 -0.24995211 0.3965492 -0.71588004 -0.54468966 -0.6744508 -0.40236235 -0.7367438 0.5021666 -0.2418243 0.4402518 0.73960215 0.5744464 0.6780871 -0.19910578 -0.35327628 0.5699299 -0.356008 -0.22134185 0.8223163 0.46300605 0.083308466 0.51074857 -0.26612306 0.31821027 0.3643535 0.73534894 0.47898215 0.19071633 0.4671747 -0.5638395 -0.029689707 0.8004294 0.32138702 -0.5647239 -1.2068728 0.4912149 0.03053521 -0.80883497 0.62956935 -0.50721 -0.58842933 1.2289251 0.65959233
-0.88051987 0.26327264 -0.5443055 0.35117266 0.20448758 0.4797224 0.30113637 0.627576 0.7023715 1.4643855 0.66485745 0.5228758 -0.25881273 -1.032201 -0.7022895 0.5597076 0.6530261 0.43758944 -0.3599662 0.20843552 0.5457403 -0.20590001 0.61553895 -0.80107254 -0.13406706 -0.9755369 0.03289116 -0.09382525 0.27123103 -0.2477141 0.53782696 0.3568599 0.68667835 0.6307595 -0.015654696 -0.25784326 0.32582834 -0.3513192 -0.21563606 0.456117 0.60576636 0.5460102 0.44176915 -0.2035412 0.49462846 0.53953046 0.36423403 0.30048764 0.23289397 0.41069728 -0.69400233 -0.09382557 0.55521697 0.24610668 -0.49688974 -1.1049371 0.6495221 0.04234965 -0.6551779 0.48563257 -0.11718025 -0.3005345 1.7453048 0.34216124
1.054194 -0.5718914 -0.023307974 -0.36876583 -0.80709237 -0.47858453 -0.21970952 -0.22872387 -0.04299763 -0.99496675 -0.34651 -1.162629 -0.072905935 0.09834685 0.85810614 0.050492708 -0.111919105 0.067409374 0.6112007 0.07693734 -0.6333019 0.5302205 0.083743125 1.0746212 0.77833927 0.14826514 0.62148964 0.8845627 -0.08334967 0.14998859 -0.6820082 0.2595324 -0.2284052 -0.78433716 0.05776639 -0.26787594 -0.44735858 0.76634115 0.85623187 -0.085685655 -0.46109325 0.6489337 -0.30844167 0.4381929 -0.7888161 -0.6342159 -0.07434313 0.027813906 -0.0013022629 0.16838615 -0.15942809 0.30511656 0.074760534 0.04617969 0.9976763 0.7883116 -0.19764493 0.15303375 0.035105757 0.022840517 0.46107945 0.61706465 -0.45088586 -0.6433124
-0.1925373 -0.118735656 -0.24450444 -0.22626024 -0.07447446 -0.13574758 0.13447633 -0.028460858 0.16969503 -0.01909222 0.026669974 0.21688132 -0.21050717 -0.12493599 0.16241173 -0.08442512 -0.12195037 -0.008923996 -0.18518914 -0.0062698377 -0.12589575 0.058059063 -0.06855542 -0.15922694 -0.10093315 0.047544613 0.100308456 -0.28765535 -0.18772669 -0.25963214 0.08927716 0.16933702 -0.25800928 0.018952612 0.034046773 -0.15276295 0.025623124 0.14841114 0.22875066 0.08450682 -0.0719345 -0.17758152 -0.10507432 -0.074820496 -0.043064576 0.16036542 -0.25366956 -0.051646583 -0.105973355 0.02112474 0.22123283 -0.009489005 -0.07480766 -0.115358666 -0.29680678 -0.23762585 0.086606085 -0.1698376 0.1249533 -0.08876357 0.07006161 0.15907685 -0.010060234 0.057764255
-0.8504841 0.34536833 0.0322474 0.19864702 0.47314167 0.18834305 0.1188922 0.55869514 0.14442803 1.7065301 0.32401073 0.13245487 0.17155169 -0.84867084 -0.7043382 0.38085744 0.35809708 0.25346297 -0.3078711 -0.099620804 0.094688915 0.010478989 0.10063035 -0.47254738 -0.26770732 -0.76411736 -0.33960792 0.10053266 0.33189738 0.3161415 0.47569972 0.14512917 0.13670237 0.48170537 -0.22591613 0.14215977 0.1511863 -0.42727894 -0.11093834 0.18564212 0.42973015 -0.19255127 0.29313472 -0.6360041 0.5679371 0.3302099 0.45459503 0.24242547 0.2784036 0.26003632 -0.2822297 -0.002742671 0.47581038 0.20168361 -0.48187646 -0.8690751 0.40078527 0.24584797 -0.40488583 0.42456666 -0.7644946 -0.27669454 0.61269146 0.36725265
-0.46451056 0.6336581 -0.1760855 0.28644526 0.15465756 0.3559675 0.6203578 0.5127003 0.9246139 1.4799614 0.44114178 0.501994 -0.46651605 -0.9882507 -0.5859697 0.4056671 0.6033371 0.75330955 -0.289404 0.40719852 0.5422195 -0.5859697 0.4569299 -0.38922533 -0.1844249 -0.66808444 0.46114102 -0.09376926 0.5065829 -0.6216253 0.41379613 0.4620596 0.587701 0.7293381 -0.18803875 -0.042514537 0.52220094 0.08194987 -0.29344273 0.5603637 0.6807137 0.499117 0.55971277 0.14785933 0.23762712 0.14869046 0.30572277 0.5369691 0.48604736 0.38566422 -0.8256905 -0.43619454 0.6426123 0.43002912 -0.29412997 -0.73429763 0.6889523 -0.08062162 -0.8403058 0.60231525 -0.11732423 -0.7809891 2.50341 0.3304411
-0.9388448 0.63898754 -0.06614529 0.27523983 0.14622812 0.20617123 0.6361734 0.6856285 0.70495945 1.7459408 0.5073083 0.5271752 -0.25464693 -0.899869 -0.64896315 0.5712669 0.62572986 0.5412555 -0.046469104 0.37684238 0.4013038 -0.28073156 0.6047007 -0.7143861 -0.33481038 -0.91939867 -0.18330392 -0.19018221 0.7009443 -0.19060902 0.27708495 0.30669343 0.771971 0.42602226 -0.30633113 -0.44741452 0.7114449 -0.05912865 -0.3868637 0.32771876 0.56371737 0.4413589 0.5021077 -0.29357004 0.60001177 0.08351506 0.5899762 0.16653736 0.10820511 0.22397909 -0.29166862 0.026147908 0.3088519 0.560843 -0.5352008 -1.186623 0.6332022 0.01486245 -0.65218484 0.5628907 -0.00088114885 -0.8669056 1.3915113 0.3442508
-1.1000462 0.83496094 -0.53626305 0.6058815 0.33827245 0.4804555 0.42534524 0.7101691 0.61508185 1.7147526 0.34919345 0.6643452 -0.3408097 -0.7276208 -0.7406848 0.47429714 0.7451712 0.7987263 -0.4577149 0.58090436 0.41714367 -0.069586694 0.61575645 -0.9856074 -0.42359936 -0.79414374 -0.16958429 -0.24634923 0.7413421 -0.20967849 0.420922 0.36598772 0.8522057 0.61205465 -0.35695088 -0.43776697 0.7589953 -0.64339894 -0.12786819 0.34896946 0.28600594 0.15912855 0.7406802 -0.46422473 0.7284728 0.41773894 0.6883731 0.50916326 0.3505494 0.65545946 -0.49934343 -0.23671155 0.6846132 0.6032442 -0.74590546 -1.2841002 0.3052053 -0.19661832 -0.679013 0.47281593 -0.5792237 -0.54936326 1.0891558 0.23138352
0.85891455 -0.05123019 0.6404495 0.5963122 -0.50295633 0.78429914 -0.21482283 -0.41535974 -0.34706995 0.5901671 0.69105655 0.5065655 0.5931438 0.7937282 -0.022197273 0.72768676 0.21662118 0.47624758 -0.2430646 0.12533294 -0.5672416 0.043841686 -0.22845742 0.24334599 0.6516748 0.48949394 -0.9276922 0.28740373 -0.15656258 0.9126019 0.68803614 0.2898678
0.8851574 -0.21397851 0.34733686 0.69674224 -0.39712325 0.36680534 -0.33628228 -0.0856879 0.14177674 0.77476007 0.74193305 0.528428 0.75661594 0.5397543 -0.25899488 0.48445317 0.63280076 0.6993162 -0.012803166 0.7209973 -0.49315935 0.13860819 0.3220231 0.25429875 0.6043864 0.3252401 -1.1083248 -0.35196686 0.13354144 0.69724923 0.20855798 0.58761495
0.6105109 -0.26888108 0.5758893 0.48917225 -0.34349498 0.38191113 -0.7046116 -0.16946341 0.09455133 0.6669669 0.7411774 0.70404136 0.85232806 0.5632327 -0.37983954 0.7425948 0.40280974 0.19448182 -0.10728151 0.69526577 -0.4774071 0.28509197 0.03059003 0.81501 0.09207287 0.44062838 -0.62055624 0.022681553 0.5085224 0.5200215 0.38749337 0.62687355
0.43682703 -0.010916895 0.1768795 0.4432371 -0.5200316 0.7721217 -0.21123782 -0.6814591 0.005109552 0.8354086 0.36611634 0.8071793 0.96656775 0.38096967 -0.6448967 0.6491893 0.5351424 0.7991595 0.09121788 0.6677089 -0.42453036 0.054055817 0.09231491 0.7783609 0.3293298 0.36176363 -0.89751 -0.24100922 0.45998496 0.46360725 0.5974983 0.44469172
0.4228278 0.0012622544 0.6537645 0.11473968 -0.38751766 0.7267993 -0.26349106 -0.6461024 0.47080725 0.17171873 0.74860144 0.8061634 0.5369453 0.6081637 -0.57757413 0.3012994 0.19023935 0.07778976 -0.053563077 0.7199376 -0.16779815 0.38759506 -0.35307768 0.6799531 0.83072025 0.7640286 -0.6552551 -0.33593962 0.10003289 0.7267324 0.46675378 0.77563584
0.19815488 -0.22508463 0.73133135 0.54737824 -0.82042146 0.90314925 -0.5843848 -0.6065154 0.23835881 0.22649604 0.3852137 0.2310379 0.82239205 0.6610302 -0.39874038 0.21703734 0.21650696 0.8029294 -0.16088873 0.2864911 -0.27172944 -0.34731436 -0.28990906 0.94453156 0.6369299 0.4327147 -0.28039315 0.23113966 0.59178525 0.74848217 0.64252645 0.78295094
0.7812967 -0.035249375 0.57232994 0.13282706 -0.7458148 0.9980117 -0.70436245 0.06324335 0.25036624 -0.04089865 0.67771256 0.6821411 0.2581112 0.51375145 -0.8235134 0.5761073 0.7018918 0.35285965 -0.13992158 0.76826257 -0.2586327 -0.0801622 -0.32656783 0.8706767 0.7378216 0.31189337 0.7116631 0.3934417 0.66010445 0.002855397 0.4074038 0.90108657
biases
-0.2009965 0.7185155 -0.10795884 0.64199406 0.6003684 0.50801814 0.6998815 0.6404982 0.3657258 -0.077062234 0.7155083 0.678714 0.031824607 -0.19334967 -0.29726204 0.72167283 0.7514059 0.7482143 -0.04155279 0.7074547 0.64206105 -0.4645783 0.8240307 -0.4006605 -0.3471571 -0.18159336 0.089602515 -0.28553957 0.68889844 -0.12926003 0.5899508 0.7647417 0.6963424 0.60013217 0.034456007 0.048778094 0.68002504 0.00042967495 -0.16687804 0.744899 0.658192 0.86153114 0.59970987 -0.109215006 0.5951976 0.64847517 0.69330984 0.7730682 0.3680346 0.684576 -0.2820554 0.068333164 0.70536005 0.6175568 -0.43711218 -0.1772971 0.6752739 0.09314363 -0.13497354 0.6756847 -0.108244665 -0.4837882 0.2689737 0.6501589
0.5642947 -0.01167918 0.6236668 0.48982024 0.23992513 0.56099445 -0.08518755 -0.06033749 0.17356808 0.44801623 0.6598587 0.520527 0.59457684 0.66221124 -0.005697141 0.51728207 0.3964217 0.3979419 -0.026812498 0.5167423 0.037568856 0.01 0.01 0.54644644 0.6079499 0.57283545 0.06840437 -0.01906023 0.30053663 0.6471493 0.5338253 0.5508141
0.27272657 0.20915227 0.3102162 0.25950098 0.33536223 0.26578107 0.10899797
