network_architecture
6
64
32
9
weights
0.22795671 -0.05566029 -0.14188549 0.096559525 -0.2511945 0.32646826
-0.5089804 -2.9469037 -0.03610503 -0.012999733 -0.004291088 -0.21741185
-0.026202276 -0.6383669 0.14004973 0.18385077 -0.12984836 0.38791397
0.3304657 4.4751015 -0.07904454 0.00433808 -0.03160583 0.26693714
0.6460943 -0.982072 0.059933685 -0.063482486 -0.06332166 0.51429594
0.6470152 -0.3086957 -0.16028076 0.05782079 -0.05702934 0.43073037
-0.30780447 0.3039678 0.095043264 -0.2080278 0.07872139 0.062884375
-0.014361762 4.105335 0.092112176 -0.0423234 0.006453095 0.34428492
0.3394785 4.278629 -0.0030387146 -0.004606451 -0.008431202 0.14015155
-0.34551984 0.2812969 -0.6146544 -0.332091 -0.36750612 -0.24262154
0.6598621 -0.4362463 -0.24350905 -0.014013938 -0.075703815 0.26541874
-0.3753099 -2.0528948 -0.30616397 0.009960435 -0.07729424 -0.07818975
0.15712975 0.27179888 0.0140460525 -0.13072759 -0.006429089 -0.2241187
-0.22179109 -1.1257683 -0.19461064 -0.23542804 -0.38065082 -0.050974533
0.5706728 -0.69897074 0.06837552 -0.054222245 -0.33527103 0.09458065
0.33285576 -0.90864944 0.08539806 0.053298768 0.02427207 0.3632713
0.40806153 0.21740326 0.10551101 -0.18089761 -0.25671983 0.19686075
0.21052092 -1.0252244 0.37462908 -0.14162531 -0.14151561 -0.17792735
-0.1084739 -2.771663 -0.10366149 0.015315593 -0.26824477 -0.4158889
0.16742605 -1.1576235 0.21364482 -0.15488188 0.19392474 0.5814582
0.38900805 -0.6133338 0.16763338 0.115635745 0.23498048 0.5923894
-0.15017597 1.9456751 0.2639262 -0.053672355 0.20835294 -0.112630695
-0.19776511 0.037116848 -0.01846091 -0.078720465 -0.19200078 0.13044623
0.93062276 -0.35148326 -0.29321733 0.04523501 -0.2621777 0.37429383
-0.13230483 0.23820578 -0.16983071 -0.046721216 -0.15202674 -0.32215598
0.30864334 -0.0006941384 -0.122773856 0.13102365 0.05748525 0.514808
0.3686223 -0.62682915 0.116610326 -0.32054564 0.09821079 0.40012658
0.06347566 1.7180182 -0.10914253 -0.97870195 -0.69413424 0.21211006
-0.3196307 -1.3563164 -0.3951921 -1.0908996 0.18371074 -0.5449505
0.19862443 3.915665 0.04187535 -0.004360735 -0.37287197 0.21058005
-0.47325942 -2.4687586 0.08890174 -0.010242116 0.17530954 -0.5587658
0.18479818 -0.006932089 0.20533995 -0.1494783 -0.59815836 0.043844525
0.8020606 0.023034152 0.10123099 -0.0433446 -0.071104825 0.69355
-0.2738119 0.10545718 -0.10517602 0.02854674 0.06563144 -0.29010445
0.066182055 4.6803956 0.006136204 -0.018166872 -0.0070358184 0.45206767
-0.0079513835 0.1233919 -0.05948573 -1.0678083 -0.97823155 0.06273401
0.13895851 5.328051 -0.08092524 -0.4100723 -0.046793867 0.42178914
-0.5384907 -0.31110102 -0.12251258 0.09097074 0.10556593 -0.08891858
-0.023690945 0.14191775 0.23239072 -0.012523237 -0.14134048 -0.32522425
-0.31842577 -3.0346556 0.02016626 0.00046684954 0.036718488 -0.5552973
-0.36037347 -2.8911157 -0.36279747 -0.06872393 -0.03350578 -0.45598385
0.11203191 -0.038622953 0.0057928413 -0.095517725 -0.286655 -0.066637166
0.2736948 0.1387615 -0.05462417 -0.20104633 -0.21690275 0.041961636
0.107787885 -0.76753193 -0.12630503 0.15381005 0.07500555 0.28674248
0.5918307 -0.12477514 -0.15744652 0.03740829 0.10869143 0.6760895
-1.1032469 -1.0063684 0.3307726 -0.09186829 -0.11384673 -0.4285837
0.35795522 -1.2929012 -0.16277158 0.19929478 0.14890362 0.15477908
0.1951135 0.014841047 -0.0805627 -0.12678215 -0.07800604 -0.11300064
-0.08954178 -0.843095 -0.061547954 -0.93316156 -0.16164488 -0.4773837
-0.023635725 4.294685 -0.056898512 0.00056213315 0.012660691 0.4094542
-0.40343392 -0.36011434 0.3410762 -0.14687005 0.3094412 -0.2870915
0.6134505 0.23592576 -0.116452485 0.044738553 -0.06390968 0.4952173
-0.102928884 0.08930947 0.017491426 -0.1921934 -0.19682758 -0.28595576
-0.6552183 -1.4104284 -0.027253248 0.09455964 -0.7892483 -0.29186037
-0.4971113 -2.2288482 -0.01673215 -0.06398306 -0.07868068 -0.31173316
0.47388533 -0.6216611 0.14649525 0.15287565 -0.293384 0.11645205
0.51078725 -0.97354645 0.14783065 -0.110694505 0.13949074 0.14899266
0.25961843 -0.12803043 -0.16682968 0.18582402 0.09416403 0.6254765
-0.6017587 -2.8383956 -0.028509934 -0.009399322 -0.02522353 -0.19462219
-0.4315438 -2.7762241 -0.049857352 0.048186358 0.0064314688 -0.20245545
0.05211728 0.08904317 -0.044402782 -0.040555656 -0.0994568 -0.25350982
0.4887994 -0.959698 0.13614829 -0.06670916 0.061821423 0.5384081
-0.29064775 -0.19009613 0.000817407 -0.306767 0.045544963 0.052335687
0.3742731 -0.6001445 0.09131788 0.046929486 0.15424138 0.26457408
0.23447455 -0.9980197 0.5404101 0.09544524 0.49719942 0.6849638 0.14933223 -0.10642955 -0.2471154 -0.069665276 0.38476694 -0.14671715 0.17237018 -0.09635812 0.28091612 0.4037702 0.14831473 0.3211103 -0.12000569 0.41393578 0.45624018 -0.10400304 -0.050624818 0.5457527 0.1949819 0.2900627 0.6294386 0.13043788 0.05930331 -0.34502104 -0.87604463 -0.08554134 0.47516036 0.047210705 -1.0169743 0.0038276769 0.2494451 -0.1990328 -0.013143418 -0.96842724 -0.060141273 0.0706262 0.006403163 0.24124128 0.46031654 0.00060593174 0.55741227 0.15692957 -0.15251124 0.13894942 0.07819561 0.5569702 -0.091704994 0.039866414 -0.51700634 0.10162513 0.34472713 0.3651464 -1.2924244 -0.6399561 0.21336451 0.2639845 0.08191339 0.13869965
-0.06376175 -3.2908287 0.06492299 -0.2631422 0.41154486 0.11707062 0.10573804 -0.80098456 -1.3373901 -0.04768836 0.450093 -0.82183737 0.14493045 -0.07603587 0.34996855 0.41248098 0.06523907 0.32959166 -2.408117 0.60940355 0.3025882 0.03009406 0.11333178 0.0387493 0.14091453 0.07191705 0.18665206 -0.18113609 -0.3446918 -0.7993345 -1.8919647 -0.12936959 0.061064027 -0.081318855 -2.2464926 0.3127937 0.37942964 0.30095336 -0.16840112 -2.8325694 -0.93090785 -0.15714216 -0.32407618 0.3635031 0.17913191 -0.062383 0.37812123 0.114069365 0.20152925 -0.5302646 -0.25750524 -0.06528078 -0.10667738 -0.5864015 -2.156883 0.32040063 0.34173808 0.26220492 -3.521018 -2.7337058 -0.102416664 0.16940106 0.030004889 0.30077788
0.06635366 -1.6630636 0.43359083 -0.040110588 0.48653567 0.485311 -0.14373091 -0.5256908 -0.45945472 -0.08382756 0.17090167 0.07830785 -0.07690201 0.25244623 0.37214577 0.51887035 0.27207837 0.05979297 -0.57009304 0.5873509 0.27156347 0.15524493 -0.15033631 0.44495672 -0.21267089 0.41945124 0.51784885 -0.15993354 0.3528705 0.18694346 -1.6248686 0.3489624 0.48660398 0.13836227 -1.3367232 0.06391542 -0.1334624 0.1368002 0.047304258 -2.040191 0.42362538 0.17192218 -0.08910592 0.4838366 0.197501 -0.07909806 0.7502537 -0.21001703 -0.060961183 0.17850856 0.10712293 0.13461076 -0.16447541 0.1004847 -0.13408566 0.29361486 0.680017 0.2938127 -1.9001493 -1.0011932 -0.014429688 0.5121043 0.011589005 0.18157363
0.047166876 -0.09982536 -0.17850217 0.24874133 0.3769162 0.3758896 -0.13989654 -1.2358255 -0.5757561 0.40932068 0.45687288 0.22622427 -0.22933553 0.11136307 0.19747569 0.23324141 0.1768177 -0.41831353 -0.13279667 0.32851574 0.36140147 -0.3723153 0.020221012 0.6494769 -0.2018461 0.25561565 -0.04557565 0.023155455 0.11188783 0.88421214 -0.15888564 0.06306648 0.47097632 0.2895511 -1.3309635 0.38237453 -0.41399264 0.37552008 0.114650756 -0.5537122 0.18076071 -0.19392014 0.048158858 0.103601955 0.48066264 1.7077116 0.111404255 -0.12307734 -0.38382897 0.4470313 0.101150654 0.4172245 -0.20172873 -0.078954905 0.42746237 0.03566707 0.11677581 0.19279896 -0.4081543 -0.18501025 -0.009667516 0.3028267 0.25441232 0.27469474
0.0665668 -1.969141 0.24040599 0.1949057 0.56743604 0.6121949 0.045076244 -0.6471498 -0.5006993 0.19794472 0.4383677 -0.107676476 0.046488576 -0.3929623 0.2875112 0.50361687 0.16489379 0.5173346 -0.98750937 0.6186502 0.38855118 0.014646602 0.05628637 0.5681726 -0.12312135 0.13313308 0.13542388 0.5417256 -0.32891592 0.02910868 -1.5979162 0.21285479 0.40081978 -0.117359325 -1.1367987 -0.463039 0.07616255 -0.19201222 0.12545574 -2.2522137 -0.089834824 0.12160943 -0.10022196 0.27192035 0.5121274 -0.25094682 0.3438124 0.117120735 0.38049304 0.5632648 -0.3778759 0.21382736 -0.22105455 0.25641784 -0.62922657 0.19294573 0.5348764 0.05012063 -2.4143343 -1.2573222 -0.14756429 0.6190112 -0.06388713 0.15907659
-0.08228349 -0.24887021 -0.13996328 0.13170609 0.11503837 0.12913054 0.017798483 -0.13629985 -0.14759171 0.20418867 -0.27769142 0.0011883819 -0.023604125 0.17500986 0.111362755 -0.119517066 -0.16790304 -0.023228347 -0.23140334 -0.08450386 0.0042920145 0.122081995 -0.09289503 -0.21105708 -0.1658925 -0.291879 -0.026497716 -0.18654881 -0.058630787 -0.11843845 -0.22702934 0.21367502 0.09742008 0.17553505 0.23981401 -0.15007237 -0.21265037 -0.2490494 0.16786927 0.08992584 0.14556912 -0.17492884 -0.075609975 0.1861712 -0.25393477 -0.2419235 0.034926526 -0.21853843 -0.12953393 0.10622665 0.12994452 -0.06848373 -0.22123516 0.107253045 0.19153462 -0.2178738 -0.06829712 -0.23739003 -0.18479653 0.027269827 0.1167967 0.046751715 -0.29767883 -0.11936388
0.08007345 -0.86934453 0.011886624 -1.2385701 0.37057364 -0.07459958 -0.19864073 0.07056077 -1.9549217 -0.38180652 -0.017313683 0.23445636 -0.07830395 -0.025159301 0.2511789 0.11016954 -0.12730697 -0.04821835 -0.6294271 0.045436334 0.101287685 -0.3527791 0.14673418 0.24293378 0.0027597249 -0.13910036 0.1748896 -0.6870181 -0.47832373 -1.6961286 -0.8199769 0.021405054 -0.01485368 0.03434233 -2.379624 -0.35671523 -0.37534985 0.14349906 -0.18115404 -0.5643902 0.2521159 0.18444456 -0.27465197 0.29919463 0.18213612 0.060444437 0.3549144 0.07098822 0.13211557 -1.9230077 -0.2355864 -0.048465163 0.12130174 0.40004587 -0.33548045 0.21347007 0.25502932 0.112340085 -0.59251547 -0.49186218 -0.085731566 0.3142045 -0.19461957 -0.013714075
-0.24265629 0.20880765 -0.057288576 0.16401568 -0.18703555 -0.20915636 -0.040015817 -0.22391327 0.025892401 0.0033673644 -0.09167817 0.13479812 0.16196534 -0.24078248 -0.2224711 0.12385912 -0.17679846 0.025036547 -0.08915946 0.02130455 -0.16065292 -0.015049532 -0.088502645 -0.11262059 -0.12291029 0.033228595 0.13831358 -0.006160885 -0.0024416149 0.18413654 0.17929891 -0.058669414 -0.22981177 0.034686446 0.052807625 -0.22266133 -0.24819897 0.0047967723 0.221962 -0.24708563 -0.14398444 -0.108424544 -0.22082841 -0.17602351 0.19623163 0.16803016 -0.20629525 0.0053593516 -0.22669615 0.080907516 -0.19126087 -0.12740397 -0.11587769 0.014712103 0.14334221 -0.12695159 0.022330893 0.17660403 -0.03912357 0.0029562253 0.018563658 -0.026115889 0.15009251 0.112664424
-0.06510099 -1.6801499 0.1480908 -0.052602958 0.41239187 0.16862749 0.14916138 -1.235159 -0.3603722 0.3018673 -0.10710195 0.9569303 -0.07005585 -0.16988184 0.23303103 0.19904765 0.14336137 -0.078285426 -1.4926515 0.17953014 -0.10734969 -0.12608899 -0.21558556 0.283771 0.03654164 -0.0455408 0.26335892 -0.27643022 0.4229377 0.7599568 -1.7100458 -0.18500687 0.26813224 -0.07584532 -1.1531045 -0.1583844 -0.66661954 0.11033463 0.15426025 -2.6466777 1.0545046 0.0376631 0.082604155 0.10064548 0.1521124 0.32009807 -0.1773214 0.21681161 -0.24164982 0.049253188 0.4480764 0.26888287 0.15428373 -0.46077994 -0.7850131 0.29370934 0.28173432 0.2663605 -2.3758442 -1.4483968 0.07609469 0.29658374 -0.22392493 0.18307352
-0.102164455 -0.19139524 -0.0013843721 -0.28987494 -0.3211571 -0.004796072 0.089643694 0.0012191564 -0.1219004 -0.17384508 -0.28901336 0.15230952 -0.21673253 0.0013410015 0.1967585 0.11735618 -0.20072515 -0.11890149 -0.27827886 0.07514843 -0.32438177 -0.27956468 -0.14999709 0.13781784 0.16204682 0.07789307 0.11773755 -0.16519819 -0.23316796 -0.19415599 0.047514092 0.068865 0.012111768 -0.19232982 -0.042696092 -0.11598018 -0.14279455 -0.12516505 0.012426913 -0.28301826 0.1414441 -0.08950902 -0.0092438925 0.09186684 0.0115957055 0.07343254 0.058079254 0.16424668 -0.035482932 0.084563784 -0.20692027 -0.16558188 0.11937633 0.008121086 -0.09894686 -0.24013506 0.00023082853 0.07529822 -0.0884569 -0.030483749 0.111295134 -0.33149844 -0.111328244 -0.18209504
-0.15307155 0.12758493 0.22317153 0.016646868 0.1278938 -0.18547049 0.04404342 -0.051106777 -0.17850737 0.027011467 0.052486602 -0.035420157 0.10616091 0.096372254 0.20205167 -0.010465027 -0.01919504 -0.025337769 0.009066799 -0.18849882 -0.05644576 -0.18587407 -0.19751498 -0.23870806 0.18539986 -0.16917224 -0.044766873 -0.00034887664 0.22080415 0.089456275 -0.20232478 0.21970253 -0.26368707 0.006370028 0.20589928 0.18761764 -0.08353824 -0.18820846 0.08566726 0.16701262 -0.15097621 -0.062934384 -0.1789338 0.07117077 0.027675668 0.098757505 -0.11087954 -0.2670836 -0.13036183 -0.22192207 -0.0802493 0.09085515 -0.20798308 -0.03519799 -0.26848367 -0.20187254 -0.2028728 -0.10919924 -0.15513718 0.012765531 0.15282607 0.16216108 0.078769356 -0.027152615
-0.08310996 0.13984801 -0.18001625 0.14582674 -0.27859753 -0.2080184 0.07542091 -0.12742156 0.010547481 0.20755093 0.09226288 0.21727195 -0.10589233 -0.14078125 -0.069028944 -0.086774826 -0.102130614 0.004480458 0.18912064 -0.1620882 0.102918714 0.13665523 0.14477947 0.058591783 -0.09235376 0.06597963 -0.13746287 -0.17548063 0.21199329 0.17085275 -0.20887017 0.16637698 0.072148435 0.021812676 0.20547517 -0.014654989 -0.10071566 0.1309063 -0.10055268 -0.05184241 -0.124638595 0.26666525 0.09771649 -0.073227726 -0.026887216 -0.0046944665 -0.1820575 0.04962243 -0.21550128 -0.051233727 -0.06989142 -0.10887339 0.23122212 0.033672888 0.099049844 -0.20234314 0.010116353 0.030708468 0.08752601 -0.11078195 -0.04909402 -0.23872569 0.13297182 0.12969744
0.08492122 -0.40995854 0.29909 0.3522012 0.36629042 0.3228742 0.06960914 0.28108406 -0.22923608 -0.19549538 -0.00047262298 -0.3009398 -0.11869299 -0.61023086 0.2781718 0.38229418 0.03433733 0.4933356 -0.21393326 0.5594133 0.14527841 0.81908774 -0.12752596 0.5010751 0.04214114 -0.025226295 0.40963438 -0.19511722 -0.62189597 -0.4604639 -0.27226168 0.06810477 0.09097495 0.04626199 -0.5878512 0.07784475 0.4725711 0.16140266 0.06287985 -0.5243572 -0.70848125 0.14715874 -0.10274625 0.2552419 0.38524702 -0.70743036 0.33335915 -0.247207 0.1256432 0.3010162 -0.6073522 0.10502301 0.094258815 -0.30189067 -0.23741187 0.25182974 0.33916968 -0.020290526 -0.6370762 -0.27438816 0.003437966 0.47369406 -0.17093226 0.20278591
0.22787192 -0.65141743 0.27286866 0.06550485 0.4375893 0.21892793 0.21303797 -0.55362177 -0.2912963 -0.16430354 0.3650776 -0.20215622 0.08187108 -0.48898524 0.31677243 0.3010852 0.015587472 -0.004623248 -0.19027437 0.41674218 0.40127146 0.045316007 0.06753007 0.5674104 -0.23656124 0.29578093 0.20118482 0.7685103 0.46310514 0.28750485 -0.35591093 -0.09869708 0.5049207 0.15482314 -1.1379939 0.11676057 -0.26317203 -0.27324235 0.119901136 -0.6340427 -0.27810612 0.117099576 0.05427989 0.21488793 -0.0152815 -0.04026783 0.035549387 -0.14781941 -0.22191851 -0.09080507 0.4004719 0.26185504 0.087598026 0.092532136 -0.19920607 -0.04173532 0.44433254 0.34138528 -0.8324704 -0.48436 0.15559676 0.07512453 -0.09163328 0.08277073
-0.1862165 -0.23185092 -0.22651097 0.056217924 -0.08113203 -0.08402697 0.24382414 -0.13571927 0.09299365 -0.020986797 0.13035163 0.026747892 0.114797406 0.06394224 -0.02779526 0.22539507 0.08189541 -0.10245524 0.069956064 -0.08253522 -0.19130702 0.033295684 -0.034686312 -0.0068988428 -0.11931652 -0.110880196 -0.15779182 -0.021136787 0.2476149 -0.13724992 -0.090559945 -0.15587091 0.025374409 0.042038735 -0.12850758 0.15714355 -0.27702665 0.19696316 0.07334202 -0.08874079 -0.12770425 0.13232994 0.21466228 -0.1614865 -0.07089055 0.21361886 -0.061632145 -0.15918924 -0.14735119 -0.008095981 -0.030413128 -0.10867265 -0.15662304 0.09806021 0.2015396 0.23818593 -0.062265474 0.10052759 -0.17421113 0.11682837 0.23888785 0.12351445 -0.1769357 0.19068916
-0.23045444 -0.06337217 -0.051817417 -0.27708915 -0.17971508 -0.21765414 0.056890726 -0.056156114 0.08044452 -0.043423217 0.16520673 0.031336665 0.20648701 0.18137564 -0.22266912 -0.23305139 0.19841401 0.22384183 -0.22115028 -0.064946726 -0.16915089 0.17805028 0.18805833 0.23734842 0.13453591 -0.07001645 0.1281468 -0.10412907 -0.0008635183 -0.06671109 -0.29350445 -0.10372861 -0.014901273 -0.02230528 -0.2528599 -0.020581542 0.01577587 -0.19576724 0.14968933 -0.3590689 -0.018007537 -0.20893118 -0.24846888 -0.06287954 0.17032558 0.21124607 0.058553685 0.20722444 -0.16632807 0.17397238 0.13474543 -0.2777222 -0.19158283 0.10800552 0.008822365 -0.17489833 -0.24651544 0.123188585 0.0046947803 0.026975926 -0.24167874 0.16568074 -0.2739531 0.05944314
-0.07088822 -0.9074808 0.05070678 -0.12226227 0.13750815 0.3943159 -0.22708428 -0.038909383 -0.4023388 -0.6191018 0.34056067 -0.24992041 -0.2018794 0.14384854 -0.09206397 0.29987872 -0.0017098631 -0.03670254 -0.49319082 0.26675037 0.21057686 -0.07414816 -0.1475959 0.38814154 0.16215494 0.042606696 0.43773848 -0.120608464 0.28461394 0.7666591 -0.6625271 -0.11024776 0.47050652 -0.19947623 -0.86701167 0.41271737 -0.51971984 0.023188226 0.07379929 -1.1721071 -0.07258893 -0.11282003 -0.06836489 0.17902012 0.08518102 -0.038044903 0.2776177 0.060590066 0.121676914 0.16454186 0.20700812 0.39176545 -0.023451 -0.8883914 -0.09149591 -0.0017279887 0.29099718 0.0009956079 -0.9868997 -0.6323618 -0.050218344 0.23223908 -0.26723894 0.056257702
0.1735999 -1.6879742 -0.20461598 0.20838577 0.2680404 0.2736278 -0.03580423 -0.5323897 -0.19971585 0.2949771 0.106644474 1.1081618 -0.1726366 0.07458793 0.08835521 0.07024842 0.28943968 -0.46455038 -0.8291971 0.14318906 0.38914052 -0.18756028 -0.1634042 0.467247 -0.0053017735 0.37390175 0.35164884 -0.42955345 0.0884359 0.85885715 -1.110821 0.055346206 0.6928215 0.1277117 -1.1566296 0.13422677 -0.26532465 0.032492183 -0.13978343 -2.06513 1.189385 -0.08503726 0.15652062 0.10687383 0.52042603 0.23517604 0.1551432 0.12382427 0.1985959 -0.028066691 0.4210653 0.25189883 0.1930542 -0.1513982 -0.10820738 -0.020310126 0.28617492 0.23421371 -1.9721491 -0.73829365 0.14747408 0.11096934 -0.010403813 -0.09336858
-0.14209081 -0.051346663 -0.001463301 -0.02155637 -0.086715914 0.15513957 0.013211846 -0.16396913 -0.08620003 -0.14698371 -0.088196665 -0.2555302 0.043682575 -0.21033865 0.07674961 0.15110995 -0.20472763 -0.14917706 -0.2179997 0.047400046 0.027970117 -0.1290369 0.1510202 0.1037367 -0.22588462 -0.03408648 -0.12569888 -0.043347538 0.1392012 -0.046941996 -0.19279659 0.15572883 -0.24575861 -0.10626832 0.07662158 0.2013712 0.22449137 -0.077611275 0.06342339 -0.2386644 -0.066326976 -0.09570499 0.07096845 -0.18383095 0.05401182 0.11034324 0.17461434 -0.042271882 0.2115378 -0.25687557 -0.089362055 0.09477872 0.06410661 0.09770605 -0.18278831 0.13374849 -0.25490284 -0.19139726 -0.037611272 -0.26323158 -0.23763222 -0.2423133 0.2009972 0.034502722
-0.07976782 -0.010274708 -0.21790466 -0.23611265 -0.17434478 -0.24185961 0.16447815 -0.08748275 -0.06748605 -0.2152864 0.04140526 -0.037508547 -0.17019692 0.16029015 0.21072742 -0.17819485 0.14164507 -0.04059422 -0.0023602545 0.10641214 -0.045579433 0.21241084 0.15381646 -0.16228297 -0.15214062 -0.2477 0.0800415 -0.1880467 -0.20954475 -0.16024178 -0.24716794 -0.20356077 0.22299123 0.13964635 0.2215065 -0.12127027 -0.10253787 -0.08771697 0.0048826337 -0.17944136 0.03665051 -0.1602247 0.039505035 0.22899938 0.042224765 0.18236104 -0.17805228 -0.035280943 -0.15436962 -0.027736723 -0.09944922 -0.14194709 -0.24148515 -0.09269822 0.0334796 -0.04398012 -0.23283628 0.1877946 0.18537173 -0.1507253 0.025413811 0.16600224 -0.23741207 -0.22090003
0.24776232 -0.9269038 0.26422983 -0.14266759 0.44582254 0.5079877 -0.08748202 -0.055994682 -0.5463425 -0.060133405 0.453617 -0.3581527 0.0118358005 -0.115606956 0.23647197 0.20397837 0.2258959 0.45918575 -0.2737401 0.29265496 0.36665118 0.06891666 -0.04915245 0.38744164 0.13965863 0.06585613 0.30442616 -0.18083663 -0.01516086 -0.09936076 -0.53117436 -0.0421135 0.33415088 -0.10494022 -0.9086652 0.6928775 -0.23555179 -0.10069243 0.08286227 -1.185953 -0.035645958 0.053415276 0.3018175 0.21556363 0.513482 0.091124766 0.43291923 0.14601028 -0.18866019 -0.11678392 0.29824397 0.5076106 0.22560892 -0.36331934 0.09708598 0.32745934 0.49096167 0.42376077 -1.3730903 -0.5842393 0.010802001 0.50097936 -0.2555444 0.13360205
0.15725099 0.027830927 0.15289451 -0.10722288 -0.18348618 -0.18266961 -0.12277545 -0.20282349 0.100405484 0.089637816 -0.17698014 0.20648533 0.07117477 0.07486153 -0.1291926 0.14906932 -0.20275222 0.15979736 -0.1601995 0.0815214 -0.1149755 0.16005567 -0.18843755 -0.025690408 -0.067479074 -0.17389542 -0.14649805 -0.075170696 0.009079689 0.15413938 -0.06453892 0.22106698 -0.14479792 -0.1520003 -0.03502931 -0.07215278 0.05532306 0.21068114 0.062147785 -0.23360866 -0.08261469 -0.0725481 -0.2431077 0.054003187 0.19883294 0.10017516 -0.028862497 -0.027541742 -0.13821325 -0.05300075 0.19939245 -0.12853059 0.039996415 -0.2063552 -0.09089937 -0.009382693 -0.21461095 0.04477398 -0.24159534 -0.12670161 0.17397451 0.20959595 -0.012352518 -0.20308983
-0.09701849 -0.55603313 0.02293885 0.09012317 0.13068771 0.3890753 0.028968528 -0.6358511 -0.12123303 -0.47453573 0.17453451 0.22923133 -0.054135554 0.67843324 0.49245587 0.1075472 0.08019821 -0.05028442 0.03228898 0.53457993 0.29864898 -0.35350335 0.13619801 0.39463547 0.13070476 0.23616122 -0.079412185 1.1289626 0.5950094 -0.09648339 -0.19960953 0.1894031 0.5465964 0.065837905 -1.0067168 -0.7315365 0.11486767 -0.042609677 0.20639203 -0.46349823 0.4656355 -0.22578336 0.04254729 0.26041588 0.076460324 0.112474166 0.13434353 0.017481985 0.34251148 0.34289744 -0.063822255 0.20651917 -0.09261122 0.18269768 0.11214243 0.31831488 0.35835716 0.041181624 -0.5060038 0.05967942 0.07915443 0.1194015 -0.1450292 -0.023687564
-0.14923923 -0.25290895 -0.1372707 -0.02631595 -0.2869821 0.045807775 0.26467922 -0.21534757 0.014371919 -0.25717658 -0.15040506 0.042108547 -0.0500711 0.05225117 -0.23290055 0.09095562 -0.20752242 -0.10786341 -0.062329356 0.04387987 -0.10764263 0.19741373 0.042033374 0.0138753895 0.0031597018 -0.044595215 0.13468908 -0.08134047 -0.17831264 0.13919757 -0.03129374 -0.31527779 -0.12637089 -0.27282715 -0.15039237 0.073078595 0.08989616 -0.08288373 0.1883083 0.1404269 0.11511758 -0.2529759 -0.13651392 -0.07538623 0.09759961 -0.08417721 -0.0573436 0.10916917 -0.2036171 -0.2336859 0.15547736 -0.13333109 0.17689696 -0.27783445 -0.14408877 0.0334632 -0.14061919 -0.02755595 -0.35350248 0.1590743 -0.124777645 -0.14846133 -0.20287064 -0.24757586
-0.18986605 -0.20756112 -0.038602613 -0.12795888 0.17608732 -0.019260552 0.17559683 -0.059892636 0.036609843 0.26822817 -0.2111445 -0.12309207 0.21372542 -0.07423567 -0.05304402 0.00697829 -0.15657733 0.0059805242 -0.12009717 0.06350306 -0.06991907 -0.10032796 -0.07124287 0.08442782 0.12545997 -0.24548438 -0.19139178 -0.2567756 0.09874535 0.17549178 -0.25542605 0.06325413 0.052824058 -0.13415813 0.054012984 0.2163521 0.22949782 0.09089175 -0.061575707 -0.1740243 -0.112871766 0.03250083 -0.035116255 0.16525005 -0.24364218 0.0073573347 -0.09614609 0.0043900064 0.22296317 0.03783912 -0.061142076 -0.07284972 -0.24948451 -0.22650257 0.090984404 -0.1462207 0.12530777 -0.08875417 0.13277937 0.16890813 0.0365718 0.07064221 0.19357102 -0.09433833
0.34320223 -1.069431 0.30515167 0.38011792 0.45294422 0.53494 -0.03840873 -0.34575927 -0.4955673 -0.3543994 0.51201993 -0.4110842 0.21535668 0.29650176 0.4444865 0.16577685 0.39042372 -0.06533342 -0.61773384 0.3002513 0.09293625 0.23783812 0.15332168 0.59260386 -0.03931734 0.46193096 0.37506786 0.13802487 0.33108473 -0.037073404 -0.78511757 0.24107356 0.6181614 0.27300218 -1.3370106 0.3066551 0.468111 -0.13818265 0.18751241 -1.300638 -0.698461 -0.017396132 0.3480314 0.08709147 0.5211269 -0.1537342 0.37361988 -0.085311204 0.1286365 0.52792907 -0.26584134 0.55015117 0.09182027 -0.5695617 -0.14683175 0.3472147 0.34481135 0.38802814 -1.4001753 -0.8687486 0.15278998 0.4880919 0.19344074 0.25441384
-0.03198295 -0.19545001 -0.26685268 0.0043657986 0.15542746 -0.04274376 -0.08155894 0.15305598 -0.15186222 0.08821586 -0.22798744 -0.25088075 -0.14584959 -0.060008813 0.042076938 0.090490416 -0.20653391 -0.09088579 0.056566685 -0.10722988 -0.03594706 0.1758434 -0.072120875 0.10930554 0.20313513 0.044844445 -0.10522631 -0.1582953 -0.16523683 -0.08170482 0.11971513 0.09956556 -0.043975245 0.16894545 -0.12001615 0.02465912 -0.14870733 0.044096835 0.18744391 0.13516495 -0.029491011 -0.11179083 -0.23465693 -0.2057974 -0.2163481 0.1569438 -0.12366757 -0.037406445 -0.24083415 -0.098837264 0.19160092 0.034848947 -0.04464087 0.112054095 0.18163837 0.15860602 -0.22448137 -0.023779973 -0.15433334 -0.19682452 0.19197103 -0.24684179 -0.12260425 0.08330094
0.31541663 -0.66305125 -0.06032632 -0.040185194 0.5336773 0.45897567 0.0932457 0.29371053 -0.3150831 0.029311413 0.24282973 0.32028106 -0.02552739 -0.061032902 0.24464904 0.20611233 0.38397658 0.008180878 -0.028657343 0.62087166 0.38115695 -0.110793136 -0.13051477 0.46680957 -0.0018947124 0.22003199 0.46588227 0.05973993 0.08605681 0.121240966 -0.1511295 0.07787699 0.3366849 -0.10334316 -0.45405525 -0.035927143 -0.27338004 0.1563268 0.24242055 -0.4793541 0.28817964 -0.1705527 0.26792246 -0.052216172 0.40128452 -0.07110907 0.010374574 -0.24501398 -0.074619316 0.3757786 -0.0076788682 0.66453034 -0.15195659 -0.1313652 0.12831119 0.24146624 0.45692655 0.23698999 -0.43692386 -0.41215086 0.11534768 0.24560551 0.07776362 0.34573513
-0.11145695 -0.98680776 0.082497515 0.3448333 0.2671049 0.36451522 0.18633494 0.06704094 -0.32415912 0.33979157 0.060911994 -0.017595468 0.20211235 -0.15733945 0.32786468 0.33143112 0.051714245 0.3181357 -0.60293525 0.47727755 0.32029444 -0.08154156 0.005574688 0.50958425 0.19112599 0.2043715 0.3298823 -0.117206864 0.002625169 -0.5860459 -0.5300106 0.12072587 0.18359165 -0.099992916 -0.3558722 -0.72267777 0.5431344 -0.24931502 -0.089795984 -1.2095009 -0.2862093 -0.023470396 0.23659794 0.18121348 0.4211547 -0.32281494 0.32741857 0.22991964 0.05465755 0.14837894 -0.32339534 0.5463492 -0.092002004 0.28179604 -0.88276863 -0.013675859 0.28696924 0.068843596 -1.3211334 -0.92964005 0.065026075 0.020202829 0.20397095 0.051317524
0.043944113 0.024151932 -0.12616041 0.17008275 -0.0330183 -0.010778161 -0.25778046 0.0020818717 0.062036768 0.018853325 -0.055072747 0.1590282 0.17307569 0.14924031 -0.029267102 0.01990143 -0.19930068 -0.18716055 -0.06992605 0.003873335 -0.17307708 -0.22937883 0.1370553 0.056590725 -0.16517574 0.13626306 -0.20848952 0.16282359 0.11300576 -0.08449176 0.15077281 -0.112851106 -0.2389862 0.1992599 -0.0644204 -0.07745124 0.013152801 -0.06822733 0.1574978 0.061264552 0.08188644 0.08201117 0.036112536 -0.015507811 4.633506e-07 -0.015472534 0.1462938 0.118397325 -0.05398947 0.052914515 -0.007339247 0.000120224395 0.20525026 -0.20013319 0.0125712985 -0.033574354 -0.2675911 -0.2701772 -0.061563615 0.1479108 -0.16484639 0.05365583 0.12344648 -0.20968002
0.06334568 0.36791152 -0.0480718 -0.06706213 -0.3037076 0.023486543 0.13743491 0.051446203 0.16282722 0.22780156 0.030211363 0.5304228 -0.1804946 0.7399755 0.07777925 -0.08471605 -0.9604201 0.29918385 0.37891778 0.115125485 -0.050312813 0.26143953 -0.16063835 -0.07231219 0.059654593 -0.1839564 -0.08398932 -0.013531353 0.48516685 0.14654675 0.32260057 -0.21934824 -0.5259863 0.050736673 -0.051861186 0.049774807 0.16846599 -0.8650815 -0.16652466 0.54199713 0.21205635 0.20215502 -0.8730426 -0.056711894 -0.558826 -0.7907263 0.13594373 0.18346216 0.5937445 0.12190851 -0.9080382 -0.47248808 0.05883944 1.0794864 0.16623344 0.10824326 -0.22175807 -0.32272217 0.55463254 0.38488448 0.099336445 -0.08808657 -0.15399997 -0.052592706
0.31652054 -2.0633738 0.1965693 0.3373209 0.4535425 0.23869002 0.15562396 -0.712045 -0.39122334 0.5661973 0.25133768 0.30756882 -0.2471017 -0.26585945 0.14020336 -0.0020854683 0.1816457 0.20842165 -1.237897 0.5451982 -0.0105060395 -0.040181436 0.19233948 0.61396414 -0.096978664 -0.023474433 0.17450942 0.237624 0.044188354 0.23410285 -1.6593643 -0.1323659 0.48761967 0.1817494 -1.3930645 -0.06736937 0.019789018 -0.16430219 0.0830124 -2.4200602 0.07240341 -0.19517364 0.16193874 0.22347441 0.45682496 0.024047105 0.14929745 0.24683692 -0.039347686 0.1253143 0.10160931 0.24428537 -0.18478149 0.7402108 -0.59090704 0.21044543 0.34350112 0.35142058 -2.156395 -1.3149668 0.100903034 0.45319542 0.17451796 0.07783987
0.5864932 1.4160454 0.87895125 0.7659548 0.77209926 -0.29446647 0.10294149 -0.27445215 0.8235547 0.20692582 -0.29747403 0.053999208 0.2623512 0.520075 0.23636171 -0.16087735 0.36770383 0.8086941 -0.2290119 -0.078182586 0.2765622 0.28864008 0.51459146 -0.013386091 0.310669 0.80953497 0.18678363 0.22829063 0.41766036 0.23515302 -0.21914974 0.6143232
0.65899897 1.2761946 1.008277 0.71546936 0.79828477 -0.2829548 0.136946 0.23341154 0.8567699 -0.15730247 -0.039765272 -0.0030587926 0.35876265 0.40963346 -0.109783486 0.11326051 0.51926714 0.472133 0.31988686 -0.0020557852 0.59209144 0.11769752 0.28614172 0.0016104489 -0.033749 0.6410001 -0.15896742 0.25491926 0.12411055 -0.15679254 -0.019786635 0.8381696
0.2917627 1.5528076 0.86178917 0.31791258 0.8650015 0.054768287 -0.060931835 0.0814567 0.70724845 0.05145409 -0.31904683 0.32130694 0.23651037 0.63903826 -0.17442404 -0.30768433 0.54013294 0.77106017 0.014309842 -0.32352135 0.4546296 -0.24763393 0.5175789 0.10381167 0.2515161 0.76340896 -0.22837126 0.63541186 0.49379972 0.067195304 -0.18562464 0.45495602
0.69743204 1.3536433 0.98621815 0.375794 0.4699218 -0.40882522 0.6278325 -0.015645731 0.5559451 0.37079722 -0.2758897 0.18585353 0.5319433 0.1773132 -0.17374267 -0.113847986 0.5446519 0.7731268 0.060661778 0.25883716 0.75535434 0.28098804 0.09181407 -0.18314055 -0.005518805 0.450047 -0.08241515 0.6105336 0.6868557 -0.07157915 0.15795778 0.5910271
0.62918645 1.3001193 1.2269964 0.41438073 0.69300646 0.36301097 0.72815794 -0.01804842 0.43120623 0.262556 -0.007439416 -0.25552228 0.356099 0.5623202 -0.15218943 -0.02245795 0.43265623 0.71654654 -0.039417114 -0.27477866 0.42197016 -0.10157977 0.37768143 -0.2486148 0.31929633 0.4532655 -0.20847744 0.47223613 0.3939983 0.38261572 0.0026984557 0.57068956
0.41470313 0.9895187 1.0840197 0.5509184 0.60303694 0.017838752 0.8713703 -0.2778391 0.6184552 -0.235542 -0.2943195 -0.0956107 0.32112414 0.60845846 0.19895552 0.009804227 0.35297495 0.53053033 -0.29744044 0.265924 0.9287834 -0.331404 0.16561179 -0.3191341 -0.044600055 0.41262397 -0.2276612 0.46381214 0.52818155 -0.16525505 0.09009139 0.8915323
0.97197396 1.0366194 0.88505137 0.52563673 0.85908556 -0.00029912297 1.266063 -0.26279 0.6984628 0.41206586 -0.21306738 -0.08947615 0.27959117 0.3472744 0.3577162 0.24406105 0.2178778 0.37943554 0.013585507 -0.1243843 0.43888766 -0.3540872 0.62645215 0.22440334 0.1321541 0.39796472 -0.32075727 0.31064337 0.58624476 -0.06411999 -0.2687882 0.7464895
0.52913904 1.123201 1.1009042 0.13221267 0.7502108 -0.29474866 0.9148779 -0.10179528 0.63468355 -0.28473473 0.1682928 -0.3143465 0.5008568 0.48315173 -0.09960491 0.10417999 0.69793653 0.65620136 -0.32981429 -0.099139646 0.75689393 0.08498736 0.43715882 -0.009836874 -0.090709426 0.34440565 0.041346285 0.58219546 0.3724972 -0.059476055 0.057724357 0.42630515
0.65194136 1.5787024 0.86837244 0.1147828 0.9117981 0.25165161 0.5276907 0.17638992 0.23013191 -0.30208942 -0.11887151 0.035842635 0.7461357 0.40448862 -0.09089055 -0.10492862 0.2371899 0.15517294 -0.1479505 0.071068965 0.57387036 0.33445084 0.40512413 -0.2022227 0.33837023 0.68083686 0.0074219056 0.40164098 0.6595277 -0.17767651 0.283578 0.6143404
biases
0.14304654 0.19271013 0.2970374 -0.1397507 0.4077087 0.40765885 -0.036325898 -0.21288507 -0.16864784 -0.0010529956 0.3680139 0.028424364 -0.020312032 -0.15655881 0.2992303 0.34650522 0.21316102 0.20213564 0.17348623 0.46275705 0.3595157 -0.16059102 -0.019767135 0.40026498 -0.04494669 0.24938802 0.3543233 -0.11521509 -0.06426988 -0.12027601 0.19763657 0.04820357 0.35660917 -0.057015922 -0.1825936 0.17965363 -0.17315707 -0.26549762 -0.036029 0.30384132 0.14111285 -0.025771653 -0.15952158 0.2939766 0.3274123 -0.08487626 0.3891368 -0.066810004 -0.11670546 -0.07049047 -0.15926123 0.27175295 0.01 0.01617449 0.23948567 0.25198337 0.44055 0.2628608 0.26269618 0.16697302 0.01 0.37619156 -0.122307815 0.20263039
0.5742317 0.4765303 0.5775277 0.28990692 0.52925897 -0.04258144 0.2621574 -0.01261771 0.26426017 -0.078094594 -0.015684031 -0.02517933 0.4030937 0.40926892 -0.010123742 -0.004376421 0.2928944 0.29361477 -0.01024522 0.01 0.47515416 -0.014491965 0.39855433 -0.12277851 -0.0033684054 0.49234682 -0.030245772 0.43068856 0.35941613 -0.018733682 -0.0012296508 0.38438097
0.18507606 0.27940628 0.4047375 0.32336968 0.45675087 0.41890338 0.38910136 0.45252168 0.28152362
